15806	rob	733982479	264
14763	rob	734505350	313
20110	rob	734672748	374
29714	rob	735280478	476
29695	rob	735490376	464
23458	rob	735521084	252
18206	rob	736036328	305
20792	rob	736041829	369
15395	rob	736057381	283
15487	rob	736397697	267
29158	rob	737307043	367
26446	rob	737411474	363
18021	rob	737609579	323
26608	rob	737651490	286
21860	rob	737668276	244
4647	piers	737754971	156
27831	rob	737867901	434
24929	rob	737868920	391
22680	rob	737869524	336
15212	rob	737931211	257
26716	rob	737931478	293
28862	rob	737955729	301
5276	tom	738012067	162
7047	tom	738012233	168
7167	tom	738018001	190
19556	rob	738029307	262
4479	tom	738270177	137
15491	tom	738344131	225
8456	rob	738439803	181
23350	rob	738467300	254
6625	tom	738605561	163
5260	tom	738605733	204
5670	tom	738605946	150
17289	rob	738906689	313
7785	tom	738948617	228
3797	tom	738948857	148
22266	rob	738991395	373
25865	rob	739027870	355
7672	tom	739037251	182
30895	rob	739038366	465
16057	tom	739573183	171
32542	rob	739726202	302
13822	rob	739973581	233
25345	rob	740202832	441
7092	tom	740246118	199
25951	rob	740283667	387
30234	rob	740289476	372
32764	rob	740425592	318
24784	rob	740680481	241
8766	jmk	740694037	200
33848	rob	740719097	395
6073	tom	740886776	179
7913	tom	741301013	224
20807	rob	741369584	303
21564	rob	741377190	351
21642	rob	741557437	194
15818	rob	741585930	244
26416	rob	741732542	315
15172	howard	741733188	226
19344	rob	741733445	260
16005	howard	741733428	334
16667	rob	741733791	208
10208	howard	741733785	251
5182	bobf	741734121	219
19932	rob	741734155	319
11586	howard	741734210	307
12882	howard	741734522	247
16142	bobf	741734535	308
26989	rob	741803320	291
35564	rob	741841125	348
8318	tom	742080437	142
4412	tom	742080582	114
13641	tom	742080698	206
4938	qyz	742249551	287
8068	howard	742519317	219
14833	howard	742519620	203
30569	rob	742740554	375
4640	tom	742751433	200
19611	rob	743085983	310
21328	rob	743100813	201
37844	rob	743105560	334
14682	tom	743194924	271
35898	rob	743232256	438
7529	npn	743280366	294
11453	npn	743280678	178
3664	npn	743280861	172
3707	npn	743281039	198
3719	npn	743281393	181
9552	npn	743281580	247
4015	npn	743281834	192
1643	npn	743282033	159
12899	npn	743282197	237
20031	rob	743373373	217
27700	rob	743384029	280
27558	rob	743456123	343
21472	rob	743469688	261
39024	rob	743728111	391
32544	rob	743732392	354
29107	rob	743734589	298
7250	rob	743998090	237
35864	rob	744173018	412
18965	rob	744665247	296
21400	rob	745115794	348
19971	rob	745207971	358
10530	rob	745255929	178
12683	howard	745294096	276
18756	howard	745340925	269
7481	howard	745341199	211
7565	howard	745341414	210
12161	howard	745342174	254
11328	howard	745342795	222
10701	howard	745343154	235
23432	rob	745344759	315
12132	howard	745357569	240
12973	howard	745357813	207
23076	rob	745464441	432
9199	howard	745957714	220
21602	rob	745957746	235
12373	howard	745957960	271
11635	bobf	745959405	253
10173	bobf	745959663	240
8179	bobf	745959912	264
6186	howard	745960966	191
14310	howard	745961162	224
13692	howard	745961403	297
16725	howard	745961708	266
21395	bobf	745962307	351
24193	rob	745965079	301
13689	howard	746038315	254
12893	howard	746039100	231
6273	howard	746039340	182
14099	bobf	746039596	286
9693	bobf	746039896	228
6573	bobf	746050642	213
10078	bobf	746051038	229
14675	bobf	746052272	291
16394	bobf	746052589	266
23225	rob	746055996	424
10979	howard	746069078	322
13816	howard	746069935	322
22189	howard	746070901	370
12416	howard	746071610	252
11034	howard	746072017	296
9027	howard	746072739	298
11740	howard	746074041	297
10642	howard	746142275	228
12400	howard	746142507	245
8937	howard	746142756	192
6345	howard	746142958	179
5771	howard	746143141	189
6467	howard	746143335	161
13604	howard	746143653	248
11287	howard	746143904	221
4472	howard	746216730	214
12464	howard	746221196	276
23483	rob	746250406	366
32800	rob	746283339	427
2747	howard	746322763	153
12340	howard	746322923	372
10411	howard	746323301	292
12350	howard	746323599	369
10526	howard	746408465	222
9547	howard	746408691	275
7361	howard	746409664	185
14269	howard	746409859	235
14767	howard	746411459	246
13782	howard	746412024	218
5813	howard	746412888	153
4433	howard	746570864	184
14230	howard	746580648	273
13269	howard	746655957	217
7539	bobf	746656617	233
16056	howard	746658180	189
9621	howard	746658385	204
23363	rob	746827663	329
9906	npn	746829787	242
5413	npn	746830038	200
2490	npn	746830245	175
2755	npn	746830425	183
6499	npn	746830613	305
14860	npn	746830924	260
9409	howard	746853483	312
6678	howard	746934953	238
22531	howard	746938536	345
31346	rob	746938731	419
16006	howard	747010534	287
23936	rob	747016631	403
11042	howard	747161769	291
31335	rob	747199946	348
14614	howard	747433764	338
20789	rob	747505405	159
32481	rob	747523156	290
15585	rob	747535122	236
23397	rob	747606246	310
29335	rob	747694306	359
23540	rob	747715296	453
30425	rob	747717076	543
12190	rob	747971269	178
29608	rob	747982526	388
18420	howard	748213630	355
18717	rob	748221718	287
32624	rob	748236328	413
19328	howard	748463291	347
29935	rob	748572130	469
32195	rob	748576280	342
30829	rob	748726501	423
10455	howard	748825424	277
15014	howard	748825703	275
19397	howard	748830634	295
25665	rob	748988212	289
20833	rob	749003115	303
23193	rob	749061606	313
14079	rob	749079610	137
23489	howard	749079575	268
12497	howard	749080747	252
26758	howard	749081487	269
11090	howard	749081767	237
8004	howard	749083616	194
6535	howard	749084376	232
22409	rob	749084597	318
31682	howard	749254583	335
6097	howard	749422417	161
15795	howard	749422584	247
4841	howard	749422950	174
3749	bobf	749422977	214
9216	howard	749423128	175
10177	howard	749423306	241
6876	howard	749423550	190
4791	howard	749423885	159
14052	howard	749424098	287
3110	howard	749424388	145
18736	howard	749424821	293
17443	tom	749750162	290
8776	howard	749771572	197
11634	howard	749771777	220
11958	howard	749777389	227
16777	howard	749777628	300
14145	howard	749777939	212
7029	howard	749778165	192
19242	rob	749778137	258
9773	howard	749778465	269
10135	howard	749778856	213
7191	howard	749779174	160
12238	howard	749779631	222
8940	howard	749779868	174
19353	howard	749780053	283
17289	rob	749780220	186
5584	howard	749780344	179
19698	rob	749780421	245
7229	howard	749780529	151
14381	howard	749780745	235
12603	howard	749781163	214
25348	rob	749781199	330
24776	rob	749784011	261
28175	rob	749837087	409
20685	howard	749939118	310
11479	howard	749939437	292
16301	howard	749940045	241
22102	rob	750055334	370
15782	rob	750057833	284
17019	rob	750094571	287
7771	howard	750191403	221
17624	rob	750191458	218
14049	howard	750191631	243
22035	rob	750296767	384
16692	rob	750307437	391
30616	rob	750308332	504
17746	howard	750461668	329
9145	bobf	750706455	225
24726	bobf	750706683	398
33030	rob	750714176	373
18175	rob	750890769	186
25739	rob	751056287	265
7959	bobf	751144610	185
8597	bobf	751492822	239
5170	bobf	751493317	197
24295	bobf	751493517	412
51764	rob	751495437	472
23962	rob	751563819	349
13031	howard	752198000	284
15861	howard	752207524	242
32567	rob	752276391	368
12182	jmk	752360241	279
30915	rob	753041154	335
10987	howard	753582039	255
24503	rob	754722220	409
26812	rob	754805573	397
27224	rob	755030136	315
29213	rob	755154868	332
21525	rob	755240307	276
26101	rob	755241085	304
23629	rob	755326741	310
12682	howard	755387372	278
6763	howard	755387659	178
11711	howard	755387846	248
16653	howard	755388247	279
15283	rob	755482648	256
16502	rob	755482911	264
17888	howard	755486406	281
12730	howard	755486695	215
13496	tom	755905886	244
9138	rob	756012389	216
23923	rob	756013213	278
15673	rob	756013618	262
39921	rob	756014141	440
31252	rob	756188546	488
11181	rob	756189133	257
18939	rob	756189396	328
11101	tom	756596793	203
6821	tom	758322241	135
7113	howard	759108568	239
23177	rob	759728790	295
34087	rob	759989937	420
19307	howard	760218396	259
17235	howard	760226670	376
12633	howard	760227760	252
21334	rob	760337749	404
22120	rob	760487104	244
27090	rob	760556006	408
15957	rob	760684983	332
17778	rob	760686769	254
20550	howard	760806203	282
6626	tom	760915807	166
26330	rob	761202416	431
16456	howard	761264078	219
10515	howard	761264684	196
11590	howard	761267996	291
26228	howard	761332721	341
15265	tom	761349370	236
17028	howard	761523329	219
19718	rob	762064632	314
19732	rob	762138953	279
14636	howard	762544913	315
21719	howard	763146138	348
10162	bobf	763323083	252
26656	rob	763584414	327
2528	howard	764015145	183
10282	tom	764021314	215
11340	howard	764027347	283
11295	howard	764109382	193
10442	howard	764109614	210
29568	howard	764109851	327
9869	howard	764181392	304
12193	howard	764194200	249
16773	howard	764212291	279
10130	howard	764212582	192
17245	rob	765000065	255
21964	rob	765002887	355
21368	howard	765056168	341
11405	howard	765071818	209
12731	howard	765072041	242
12981	howard	765072291	207
29750	howard	765077111	386
15165	howard	765077508	284
25303	rob	765088382	352
3375	howard	765152821	142
12075	rob	765434264	191
28660	rob	765434521	558
12335	rob	765603416	207
13603	rob	765604759	228
21931	rob	765777534	371
21948	rob	765777919	306
20729	howard	765820826	255
19291	howard	765834670	221
9437	howard	766093055	215
36687	rob	766210356	502
7789	howard	766277963	195
32924	rob	766634761	438
7832	lepac	767326178	238
27076	rob	767331673	264
27375	rob	767512108	366
9993	howard	767574551	214
29524	rob	767667117	315
29006	rob	767670005	344
10629	howard	767719754	233
21893	rob	767764371	347
11822	tom	767996871	255
20580	rob	768029129	309
15867	howard	768047003	205
37237	rob	768447079	456
29440	rob	768506048	338
10832	tom	768514024	199
11791	howard	768835569	241
29796	rob	768966075	336
33204	rob	769057179	373
24196	rob	769149634	379
40479	rob	769404652	430
18196	rob	769407401	356
20566	rob	769407762	301
26202	rob	770002017	333
8256	ches	770253932	335
10250	howard	770318850	245
22388	howard	770333776	297
2934	lepac	771467921	176
13605	lepac	771468126	318
11175	tom	771620427	230
20311	rob	772001481	327
30941	rob	772002169	450
27003	rob	772004711	344
8365	tom	772313890	172
28217	rob	772610878	343
43728	rob	772694167	457
12592	tom	772768048	214
14700	rob	772779342	280
40499	rob	772944696	562
17152	rob	773034841	292
4643	geoff	773075423	181
32061	rob	773378648	336
32288	rob	773378990	433
28915	rob	773379528	304
27162	rob	773471062	356
25086	rob	773636468	384
35757	rob	774150406	414
4907	cliff	774654147	222
5158	cliff	774719136	204
12238	cliff	774719344	246
7312	cliff	774804377	296
9443	cliff	774819216	252
10011	cliff	774834485	217
6082	cliff	774834706	206
11417	cliff	774888126	275
30935	rob	777182336	324
34255	rob	777272811	579
32625	rob	777436509	504
21870	rob	777609648	430
24849	bobf	780860605	362
27034	rob	782276872	288
11761	tom	782675329	239
22311	rob	782862032	349
20353	rob	783220651	309
22900	rob	783221589	459
24060	rob	783316036	409
32292	rob	783656572	473
17601	rob	783657069	304
7137	rob	783657953	186
28452	rob	783794841	393
16099	rob	784350664	226
14663	rob	784352557	221
25329	rob	784440920	378
22792	rob	786081441	296
13107	rob	786166863	266
20256	rob	786167140	361
14766	bobf	786390810	277
10401	bobf	786392119	263
21641	rob	786471162	317
21416	rob	786773714	322
26979	rob	786861431	329
16097	rob	786862192	258
27611	rob	786862740	424
20249	rob	786942371	282
14812	rob	787031803	285
11611	rob	787032104	240
8007	rob	787032897	171
11540	rob	787033098	307
28377	rob	787033411	338
23570	rob	787034196	438
31275	rob	787035707	282
34261	rob	787116519	428
35825	rob	787118363	318
18363	rob	787118730	273
35708	rob	787383165	448
25918	rob	787550889	333
10968	bobf	787602151	292
6772	rob	787787092	237
7862	rob	787787346	274
39877	rob	787787640	549
19232	bobf	788114472	286
18999	rob	788324960	217
28503	rob	788671596	357
8350	bobf	789255652	224
30018	rob	789274650	385
23285	rob	789278787	348
39674	rob	789279407	406
38845	rob	789363038	522
33185	rob	789623458	466
20573	rob	789884722	301
37980	rob	790061930	444
26164	rob	790315155	385
30257	rob	790315702	352
21256	rob	790316063	361
20712	rob	791181454	376
34128	rob	791415213	455
36397	rob	791786330	384
13568	rob	791788302	241
17283	rob	792303042	367
40255	rob	792690691	429
30400	rob	792737154	415
21166	rob	792999482	247
12257	bobf	793311878	252
16033	bobf	793388915	329
22751	bobf	793486875	402
10977	bobf	793562616	268
24625	rob	793724820	362
33236	rob	795758928	326
79	none	796167499	165
23697	rob	796889572	319
28475	rob	796890779	354
