badbart.xy: 1223 lines
ymin=150, ymax=5800
0 + 200 [150 200)
1 - 250 [150 200)
2 + 4350 [150 200)
3 - 4400 [150 200)
4 + 150 [200 250)
5 - 200 [200 250)
6 + 4400 [200 250)
7 - 4450 [200 250)
8 + 300 [300 5800)
9 - 4800 [300 5800)
10 + 150 [3650 3700)
11 - 200 [3650 3700)
12 + 200 [3700 3750)
13 - 250 [3700 3750)
[150, 200)
	0 + 200 [150 200)
	1 - 250 [150 200)
	2 + 4350 [150 200)
	3 - 4400 [150 200)
	[200 150] (250 200) ->
	[4350 150] (4400 200) ->
	? [200 150] (250 200)
[200, 250)
	0 + 150 [200 250)
	1 - 200 [200 250)
	2 + 4400 [200 250)
	3 - 4450 [200 250)
	[150 200] (200 250) ->
	? [200 150] (250 200)
	? [4350 150] (4400 200)
	[4400 200] (4450 250) ->
	? [200 150] (250 200)
	? [4350 150] (4400 200)
	? [150 200] (200 250)
[250, 300)
[300, 3650)
	0 + 300 [300 5800)
	1 - 4800 [300 5800)
	[300 300] (4800 3650) ->
	del [200 150] (250 200)
	del [4350 150] (4400 200)
	del [150 200] (200 250)
	del [4400 200] (4450 250)
[3650, 3700)
	0 + 150 [3650 3700)
	1 - 200 [3650 3700)
	2 + 300 [300 5800)
	3 - 4800 [300 5800)
	[150 3650] (200 3700) ->
	? [300 300] (4800 3650)
	[300 3650] (4800 3700) ->
	? [300 300] (4800 3650)
	-> [300 300] (4800 3700)
[3700, 3750)
	0 + 200 [3700 3750)
	1 - 250 [3700 3750)
	2 + 300 [300 5800)
	3 - 4800 [300 5800)
	[200 3700] (250 3750) ->
	? [300 300] (4800 3700)
	? [150 3650] (200 3700)
	[300 3700] (4800 3750) ->
	? [300 300] (4800 3700)
	-> [300 300] (4800 3750)
[3750, 5800)
	0 + 300 [300 5800)
	1 - 4800 [300 5800)
	[300 3750] (4800 5800) ->
	? [300 300] (4800 3750)
	-> [300 300] (4800 5800)
R 200 150 250 200 (50) 2*31
G54D14*
X00215Y00165D03*
X00234Y00165D03*
X00215Y00184D03*
X00234Y00184D03*
R 4350 150 4400 200 (50) 2*31
X04365Y00165D03*
X04384Y00165D03*
X04365Y00184D03*
X04384Y00184D03*
R 150 200 200 250 (50) 2*31
X00165Y00215D03*
X00184Y00215D03*
X00165Y00234D03*
X00184Y00234D03*
R 4400 200 4450 250 (50) 2*31
X04415Y00215D03*
X04434Y00215D03*
X04415Y00234D03*
X04434Y00234D03*
R 300 300 4800 5800 (4500) 5*1023
G54D19*
X00811Y00811D02*
X00811Y05288D01*
X01834Y00811D02*
X01834Y05288D01*
X02857Y00811D02*
X02857Y05288D01*
X0388Y00811D02*
X0388Y05288D01*
X04288Y00811D02*
X04288Y05288D01*
R 150 3650 200 3700 (50) 2*31
G54D14*
X00165Y03665D03*
X00184Y03665D03*
X00165Y03684D03*
X00184Y03684D03*
R 200 3700 250 3750 (50) 2*31
X00215Y03715D03*
X00234Y03715D03*
X00215Y03734D03*
X00234Y03734D03*
