name AR
fontname AvantGarde-Book
named in prologue
ligatures fi fl 0
spacewidth 28
charset
!	29	2	33
"	31	2	34
#	72	2	35
$	55	2	36
%	77	2	37
&	76	2	38
'	35	2	39
(	37	3	40
)	37	3	41
*	42	2	42
+	61	0	43
,	28	0	44
hy	33	0	45
-	"
.	28	0	46
/	44	3	47
0	55	2	48
1	55	2	49
2	55	2	50
3	55	2	51
4	55	2	52
5	55	2	53
6	55	2	54
7	55	2	55
8	55	2	56
9	55	2	57
:	28	0	58
;	28	0	59
---	61	0	60
=	61	0	61
---	61	0	62
?	59	2	63
@	87	2	64
A	74	2	65
B	57	2	66
C	81	2	67
D	74	2	68
E	54	2	69
F	49	2	70
G	87	2	71
H	68	2	72
I	23	2	73
J	48	2	74
K	59	2	75
L	46	2	76
M	92	2	77
N	74	2	78
O	87	2	79
P	59	2	80
Q	87	2	81
R	61	2	82
S	50	2	83
T	43	2	84
U	66	2	85
V	70	2	86
W	96	2	87
X	61	2	88
Y	59	2	89
Z	48	2	90
[	35	3	91
\	61	2	92
]	35	3	93
---	67	2	94
---	50	1	95
`	35	2	96
a	68	0	97
b	68	2	98
c	65	0	99
d	69	2	100
e	65	0	101
f	31	2	102
g	67	1	103
h	61	2	104
i	20	2	105
j	20	3	106
k	50	2	107
l	20	2	108
m	94	0	109
n	61	0	110
o	66	0	111
p	68	1	112
q	68	1	113
r	30	0	114
s	39	0	115
t	34	2	116
u	61	0	117
v	55	0	118
w	83	0	119
x	48	0	120
y	54	1	121
z	42	0	122
{	35	3	123
---	67	2	124
}	35	3	125
---	61	0	126
---	29	1	161
ct	55	2	162
ps	55	2	163
fr	17	2	164
yn	55	2	165
fn	55	3	166
sc	61	3	167
cr	55	0	168
---	20	2	169
``	50	2	170
---	42	0	171
---	25	0	172
---	25	0	173
fi	49	2	174
fl	49	2	175
en	50	0	177
\-	"
dg	55	3	178
dd	55	3	179
---	28	0	180
pg	56	3	182
---	61	0	183
---	35	0	184
---	50	0	185
''	48	2	186
---	42	0	187
---	100	0	188
---	117	2	189
---	59	1	191
ga	38	2	193
\`	"
aa	38	2	194
\'	"
^a	50	2	195
^	"
~a	44	2	196
~	"
-a	49	2	197
Ua	45	2	198
.a	22	2	199
:a	37	2	200
oa	33	2	202
,a	32	1	203
"a	55	2	205
Ca	30	1	206
va	50	2	207
em	100	0	208
---	99	2	225
---	37	2	227
---	52	2	232
---	87	2	233
---	119	2	234
---	37	2	235
---	116	0	241
---	20	0	245
---	30	2	248
---	65	0	249
---	114	0	250
---	55	2	251
