name AX
fontname AvantGarde-DemiOblique
named in prologue
ligatures fi fl 0
spacewidth 28
charset
!	28	2	33
"	36	2	34
#	60	2	35
$	56	2	36
%	86	2	37
&	68	2	38
'	28	2	39
(	38	3	40
)	38	3	41
*	44	2	42
+	60	0	43
,	28	1	44
hy	42	0	45
-	"
.	28	0	46
/	46	3	47
0	56	2	48
1	56	2	49
2	56	2	50
3	56	2	51
4	56	2	52
5	56	2	53
6	56	2	54
7	56	2	55
8	56	2	56
9	56	2	57
:	28	0	58
;	28	1	59
---	60	0	60
=	60	0	61
---	60	0	62
?	56	2	63
@	74	2	64
A	74	2	65
B	58	2	66
C	78	2	67
D	70	2	68
E	52	2	69
F	48	2	70
G	84	2	71
H	68	2	72
I	28	2	73
J	48	2	74
K	62	2	75
L	44	2	76
M	90	2	77
N	74	2	78
O	84	2	79
P	56	2	80
Q	84	2	81
R	58	2	82
S	52	2	83
T	42	2	84
U	64	2	85
V	70	2	86
W	90	2	87
X	68	2	88
Y	62	2	89
Z	50	2	90
[	32	3	91
\	64	2	92
]	32	3	93
---	60	2	94
---	50	1	95
`	28	2	96
a	66	0	97
b	66	2	98
c	64	0	99
d	66	2	100
e	64	0	101
f	28	2	102
g	66	1	103
h	60	2	104
i	24	2	105
j	26	3	106
k	58	2	107
l	24	2	108
m	94	0	109
n	60	0	110
o	64	0	111
p	66	1	112
q	66	1	113
r	32	0	114
s	44	0	115
t	30	2	116
u	60	0	117
v	56	0	118
w	80	0	119
x	56	0	120
y	58	1	121
z	46	0	122
{	34	3	123
---	60	2	124
}	34	3	125
---	60	0	126
---	28	1	161
ct	56	2	162
ps	56	2	163
fr	16	2	164
yn	56	2	165
fn	56	3	166
sc	56	3	167
cr	60	2	168
---	22	2	169
``	48	2	170
---	46	0	171
---	24	0	172
---	24	0	173
fi	52	2	174
fl	52	2	175
en	50	0	177
\-	"
dg	56	3	178
dd	56	3	179
---	28	0	180
pg	60	3	182
---	60	0	183
---	28	1	184
---	48	1	185
''	48	2	186
---	46	0	187
---	100	0	188
---	128	2	189
---	56	1	191
ga	42	2	193
\`	"
aa	42	2	194
\'	"
^a	54	2	195
^	"
~a	48	2	196
~	"
-a	42	2	197
Ua	48	2	198
.a	28	2	199
:a	50	2	200
oa	36	2	202
,a	34	1	203
"a	70	2	205
Ca	34	1	206
va	54	2	207
em	100	0	208
---	90	2	225
---	36	2	227
---	48	2	232
---	84	2	233
---	106	2	234
---	36	2	235
---	108	0	241
---	24	0	245
---	32	2	248
---	66	0	249
---	108	0	250
---	60	2	251
