name B
fontname Times-Bold
named in prologue
ligatures fi fl 0
spacewidth 25
charset
!	33	2	33
"	56	2	34
#	50	2	35
$	50	3	36
%	100	2	37
&	83	2	38
'	33	2	39
(	33	3	40
)	33	3	41
*	50	2	42
+	57	0	43
,	25	1	44
hy	33	0	45
-	"
.	25	0	46
/	28	2	47
0	50	2	48
1	50	2	49
2	50	2	50
3	50	2	51
4	50	2	52
5	50	2	53
6	50	2	54
7	50	2	55
8	50	2	56
9	50	2	57
:	33	0	58
;	33	1	59
---	57	0	60
=	57	0	61
---	57	0	62
?	50	2	63
@	93	3	64
A	72	2	65
B	67	2	66
C	72	2	67
D	72	2	68
E	67	2	69
F	61	2	70
G	78	2	71
H	78	2	72
I	39	2	73
J	50	2	74
K	78	2	75
L	67	2	76
M	94	2	77
N	72	2	78
O	78	2	79
P	61	2	80
Q	78	3	81
R	72	2	82
S	56	2	83
T	67	2	84
U	72	2	85
V	72	2	86
W	100	2	87
X	72	2	88
Y	72	2	89
Z	67	2	90
[	33	3	91
\	28	2	92
]	33	3	93
---	58	2	94
---	50	1	95
`	33	2	96
a	50	0	97
b	56	2	98
c	44	0	99
d	56	2	100
e	44	0	101
f	33	2	102
g	50	1	103
h	56	2	104
i	28	2	105
j	33	3	106
k	56	2	107
l	28	2	108
m	83	0	109
n	56	0	110
o	50	0	111
p	56	1	112
q	56	1	113
r	44	0	114
s	39	0	115
t	33	2	116
u	56	0	117
v	50	0	118
w	72	0	119
x	50	0	120
y	50	1	121
z	44	0	122
{	39	3	123
---	22	3	124
}	39	3	125
---	52	0	126
---	33	1	161
ct	50	3	162
ps	50	2	163
fr	17	2	164
yn	50	2	165
fn	50	3	166
sc	50	3	167
cr	50	2	168
---	28	2	169
``	50	2	170
---	50	0	171
---	33	0	172
---	33	0	173
fi	56	2	174
fl	56	2	175
en	50	0	177
\-	"
dg	50	3	178
dd	50	3	179
---	25	0	180
pg	54	3	182
---	35	0	183
---	33	1	184
---	50	1	185
''	50	2	186
---	50	0	187
---	100	0	188
---	100	2	189
---	50	1	191
ga	33	2	193
\`	"
aa	33	2	194
\'	"
^a	33	2	195
^	"
~a	33	2	196
~	"
-a	33	2	197
Ua	33	2	198
.a	33	2	199
:a	33	2	200
oa	33	2	202
,a	33	1	203
"a	33	2	205
Ca	33	1	206
va	33	2	207
em	100	0	208
---	100	2	225
---	30	2	227
---	67	2	232
---	78	2	233
---	100	2	234
---	33	2	235
---	72	0	241
---	28	0	245
---	28	2	248
---	50	2	249
---	72	0	250
---	56	2	251
