# Bitmap 999 Pattern = 63 + <char num>
name Bitmap
fontname Bitmap
spacewidth 28
charset
a	28	0	97	1000000
b	28	0	98	1000001
c	28	0	99	1000010
d	28	0	100	1000011
e	28	0	101	etc.
f	28	0	102
g	28	0	103
h	28	0	104
i	28	0	105
j	28	0	106
k	28	0	107
l	28	0	108
m	28	0	109
n	28	0	110
o	28	0	111
p	28	0	112
q	28	0	113
r	28	0	114
s	28	0	115
t	28	0	116
u	28	0	117
v	28	0	118
w	28	0	119
x	28	0	120
y	28	0	121
z	28	0	122
A	28	0	65
B	28	0	66
C	28	0	67
D	28	0	68
E	28	0	69
F	28	0	70
G	28	0	71
H	28	0	72
I	28	0	73
J	28	0	74
K	28	0	75
L	28	0	76
M	28	0	77
N	28	0	78
O	28	0	79
P	28	0	80
Q	28	0	81
R	28	0	82
S	28	0	83
T	28	0	84
U	28	0	85
V	28	0	86
W	28	0	87
X	28	0	88
Y	28	0	89
Z	28	0	90
&	28	0	38
1	28	0	49
2	28	0	50
3	28	0	51
4	28	0	52
5	28	0	53
6	28	0	54
7	28	0	55
8	28	0	56
9	28	0	57
0	28	0	48
.	28	0	46
