name C
fontname Courier
spacewidth 60
charset
!	60	2	33
"	60	2	34
#	60	2	35
$	60	2	36
%	60	2	37
&	60	2	38
'	60	2	39
(	60	3	40
)	60	3	41
*	60	2	42
+	60	2	43
,	60	1	44
hy	60	0	45
-	"
.	60	0	46
/	60	2	47
0	60	2	48
1	60	2	49
2	60	2	50
3	60	2	51
4	60	2	52
5	60	2	53
6	60	2	54
7	60	2	55
8	60	2	56
9	60	2	57
:	60	0	58
;	60	0	59
<	60	2	60
=	60	0	61
>	60	2	62
?	60	2	63
@	60	2	64
A	60	2	65
B	60	2	66
C	60	2	67
D	60	2	68
E	60	2	69
F	60	2	70
G	60	2	71
H	60	2	72
I	60	2	73
J	60	2	74
K	60	2	75
L	60	2	76
M	60	2	77
N	60	2	78
O	60	2	79
P	60	2	80
Q	60	3	81
R	60	2	82
S	60	2	83
T	60	2	84
U	60	2	85
V	60	2	86
W	60	2	87
X	60	2	88
Y	60	2	89
Z	60	2	90
[	60	3	91
\	60	2	92
]	60	3	93
^	60	2	94
_	60	1	95
`	60	2	96
a	60	0	97
b	60	2	98
c	60	0	99
d	60	2	100
e	60	0	101
f	60	2	102
g	60	1	103
h	60	2	104
i	60	2	105
j	60	3	106
k	60	2	107
l	60	2	108
m	60	0	109
n	60	0	110
o	60	0	111
p	60	1	112
q	60	1	113
r	60	0	114
s	60	0	115
t	60	2	116
u	60	0	117
v	60	0	118
w	60	0	119
x	60	0	120
y	60	1	121
z	60	0	122
{	60	3	123
|	60	3	124
}	60	3	125
~	60	0	126
---	60	1	161
ct	60	2	162
ps	60	2	163
fr	60	2	164
yn	60	2	165
fn	60	2	166
sc	60	2	167
cr	60	2	168
---	60	2	169
``	60	2	170
---	60	0	171
---	60	0	172
---	60	0	173
en	60	0	177
\-	"
dg	60	2	178
dd	60	2	179
---	60	0	180
pg	60	2	182
---	60	0	183
---	60	1	184
---	60	1	185
''	60	2	186
---	60	0	187
---	60	0	188
---	60	2	189
---	60	1	191
ga	60	2	193
\`	"
aa	60	2	194
\'	"
^a	60	2	195
^	"
~a	60	2	196
~	"
-a	60	2	197
Ua	60	2	198
.a	60	2	199
:a	60	2	200
oa	60	2	202
,a	60	1	203
"a	60	2	205
Ca	60	1	206
va	60	2	207
em	60	0	208
---	60	2	225
---	60	2	227
---	60	2	232
---	60	2	233
---	60	2	234
---	60	2	235
---	60	0	241
---	60	0	245
---	60	2	248
---	60	0	249
---	60	0	250
---	60	2	251
