name CaslonR
fontname CaslonFiveForty-Roman
ligatures fi fl 0
charset
!	33	2	33
$	50	3	36
%	83	2	37
&	83	2	38
'	28	2	39
(	33	3	40
)	33	3	41
*	50	2	42
+	56	0	43
,	25	1	44
hy	33	0	45
-	"
.	25	0	46
/	28	2	47
0	50	2	48
1	50	2	49
2	50	2	50
3	50	2	51
4	50	2	52
5	50	2	53
6	50	2	54
7	50	2	55
8	50	2	56
9	50	2	57
:	25	0	58
;	25	1	59
=	56	0	61
?	39	2	63
A	67	2	65
B	67	2	66
C	72	2	67
D	83	2	68
E	72	2	69
F	67	2	70
G	78	2	71
H	83	2	72
I	39	2	73
J	39	3	74
K	72	2	75
L	72	2	76
M	94	2	77
N	83	2	78
O	78	2	79
P	61	2	80
Q	78	3	81
R	72	2	82
S	56	2	83
T	78	2	84
U	78	2	85
V	67	2	86
W	94	2	87
X	72	2	88
Y	61	2	89
Z	67	2	90
[	33	3	91
]	33	3	93
`	28	2	96
a	44	0	97
b	56	2	98
c	44	0	99
d	56	2	100
e	50	0	101
f	33	2	102
g	50	1	103
h	56	2	104
i	28	2	105
j	28	3	106
k	56	2	107
l	28	2	108
m	83	0	109
n	56	0	110
o	50	0	111
p	56	1	112
q	56	1	113
r	33	0	114
s	39	0	115
t	33	2	116
u	56	0	117
v	50	0	118
w	72	0	119
x	50	0	120
y	50	1	121
z	44	0	122
ct	50	3	162
fi	56	2	174
fl	56	2	175
ff	60	2	1
Fi	84	2	1
Fl	84	2	1
dg	50	3	178
bu	50	2	183
de	28	2	202
em	100	0	208
14	75	2	1
34	75	2	1
12	75	2	1
sq	50	2	1
``	50	2	170
''	50	2	186
