# Greek
name GR
fontname Symbol
named in prologue
special
charset
*a	63	0	97
*b	55	3	98
*g	41	1	103
*d	49	2	100
*e	44	0	101
*z	49	3	122
*y	60	1	104
*h	52	2	113
*i	33	0	105
*k	55	0	107
*l	55	2	108
*m	58	1	109
*n	52	0	110
*c	49	3	120
*o	55	0	111
*p	55	0	112
*r	55	1	114
*s	60	0	115
*t	44	0	116
*u	58	0	117
*f	52	3	102
*x	55	1	99
*q	69	1	121
*w	69	0	119
*A	72	2	65
*B	67	2	66
*G	60	2	71
*D	61	2	68
*E	61	2	69
*Z	61	2	90
*Y	72	2	72
*H	74	2	81
*R	56	2	82
*I	33	2	73
*K	72	2	75
*L	69	2	76
*M	89	2	77
*N	72	2	78
*C	65	2	88
*O	72	2	79
*P	77	2	80
*S	59	2	83
*T	61	2	84
*U	69	2	85
*F	76	2	70
*X	72	2	67
*Q	80	2	89
*W	77	2	87
