name HB
fontname Helvetica-Bold
named in prologue
ligatures fi fl 0
spacewidth 28
charset
!	33	2	33
"	47	2	34
#	56	2	35
$	56	3	36
%	89	2	37
&	72	2	38
'	28	2	39
(	33	3	40
)	33	3	41
*	39	2	42
+	58	0	43
,	28	1	44
hy	33	0	45
-	"
.	28	0	46
/	28	2	47
0	56	2	48
1	56	2	49
2	56	2	50
3	56	2	51
4	56	2	52
5	56	2	53
6	56	2	54
7	56	2	55
8	56	2	56
9	56	2	57
:	33	0	58
;	33	1	59
---	58	0	60
=	58	0	61
---	58	0	62
?	61	2	63
@	98	3	64
A	72	2	65
B	72	2	66
C	72	2	67
D	72	2	68
E	67	2	69
F	61	2	70
G	78	2	71
H	72	2	72
I	28	2	73
J	56	2	74
K	72	2	75
L	61	2	76
M	83	2	77
N	72	2	78
O	78	2	79
P	67	2	80
Q	78	2	81
R	72	2	82
S	67	2	83
T	61	2	84
U	72	2	85
V	67	2	86
W	94	2	87
X	67	2	88
Y	67	2	89
Z	61	2	90
[	33	3	91
\	28	2	92
]	33	3	93
---	58	2	94
---	56	1	95
`	28	2	96
a	56	0	97
b	61	2	98
c	56	0	99
d	61	2	100
e	56	0	101
f	33	2	102
g	61	1	103
h	61	2	104
i	28	2	105
j	28	3	106
k	56	2	107
l	28	2	108
m	89	0	109
n	61	0	110
o	61	0	111
p	61	1	112
q	61	1	113
r	39	0	114
s	56	0	115
t	33	2	116
u	61	0	117
v	56	0	118
w	78	0	119
x	56	0	120
y	56	1	121
z	50	0	122
{	39	3	123
---	28	3	124
}	39	3	125
---	58	0	126
---	33	1	161
ct	56	3	162
ps	56	2	163
fr	17	2	164
yn	56	2	165
fn	56	3	166
sc	56	3	167
cr	56	2	168
---	24	2	169
``	50	2	170
---	56	0	171
---	33	0	172
---	33	0	173
fi	61	2	174
fl	61	2	175
en	56	0	177
\-	"
dg	56	3	178
dd	56	3	179
---	28	0	180
pg	56	3	182
---	35	0	183
---	28	1	184
---	50	1	185
''	50	2	186
---	56	0	187
---	100	0	188
---	100	2	189
---	61	1	191
ga	33	2	193
\`	"
aa	33	2	194
\'	"
^a	33	2	195
^	"
~a	33	2	196
~	"
-a	33	2	197
Ua	33	2	198
.a	33	2	199
:a	33	2	200
oa	33	2	202
,a	33	1	203
"a	33	2	205
Ca	33	1	206
va	33	2	207
em	100	0	208
---	100	2	225
---	37	2	227
---	61	2	232
---	78	2	233
---	100	2	234
---	36	2	235
---	89	0	241
---	28	0	245
---	28	2	248
---	61	0	249
---	94	0	250
---	61	2	251
