name Hx
fontname Helvetica-Narrow-BoldOblique
named in prologue
ligatures fi fl 0
spacewidth 23
charset
!	27	2	33
"	39	2	34
#	46	2	35
$	46	3	36
%	73	2	37
&	59	2	38
'	23	2	39
(	27	3	40
)	27	3	41
*	32	2	42
+	48	0	43
,	23	1	44
hy	27	0	45
-	"
.	23	0	46
/	23	2	47
0	46	2	48
1	46	2	49
2	46	2	50
3	46	2	51
4	46	2	52
5	46	2	53
6	46	2	54
7	46	2	55
8	46	2	56
9	46	2	57
:	27	0	58
;	27	1	59
---	48	0	60
=	48	0	61
---	48	0	62
?	50	2	63
@	80	3	64
A	59	2	65
B	59	2	66
C	59	2	67
D	59	2	68
E	55	2	69
F	50	2	70
G	64	2	71
H	59	2	72
I	23	2	73
J	46	2	74
K	59	2	75
L	50	2	76
M	68	2	77
N	59	2	78
O	64	2	79
P	55	2	80
Q	64	2	81
R	59	2	82
S	55	2	83
T	50	2	84
U	59	2	85
V	55	2	86
W	77	2	87
X	55	2	88
Y	55	2	89
Z	50	2	90
[	27	3	91
\	23	2	92
]	27	3	93
---	48	2	94
---	46	1	95
`	23	2	96
a	46	0	97
b	50	2	98
c	46	0	99
d	50	2	100
e	46	0	101
f	27	2	102
g	50	1	103
h	50	2	104
i	23	2	105
j	23	3	106
k	46	2	107
l	23	2	108
m	73	0	109
n	50	0	110
o	50	0	111
p	50	1	112
q	50	1	113
r	32	0	114
s	46	0	115
t	27	2	116
u	50	0	117
v	46	0	118
w	64	0	119
x	46	0	120
y	46	1	121
z	41	0	122
{	32	3	123
---	23	3	124
}	32	3	125
---	48	0	126
---	27	1	161
ct	46	3	162
ps	46	2	163
fr	14	2	164
yn	46	2	165
fn	46	3	166
sc	46	3	167
cr	46	2	168
---	20	2	169
``	41	2	170
---	46	0	171
---	27	0	172
---	27	0	173
fi	50	2	174
fl	50	2	175
en	46	0	177
\-	"
dg	46	3	178
dd	46	3	179
---	23	0	180
pg	46	3	182
---	29	0	183
---	23	1	184
---	41	1	185
''	41	2	186
---	46	0	187
---	82	0	188
---	82	2	189
---	50	1	191
ga	27	2	193
\`	"
aa	27	2	194
\'	"
^a	27	2	195
^	"
~a	27	2	196
~	"
-a	27	2	197
Ua	27	2	198
.a	27	2	199
:a	27	2	200
oa	27	2	202
,a	27	1	203
"a	27	2	205
Ca	27	1	206
va	27	2	207
em	82	0	208
---	82	2	225
---	30	2	227
---	50	2	232
---	64	2	233
---	82	2	234
---	30	2	235
---	73	0	241
---	23	0	245
---	23	2	248
---	50	0	249
---	77	0	250
---	50	2	251
