name KB
fontname Bookman-Demi
named in prologue
ligatures fi fl 0
spacewidth 34
charset
!	36	2	33
"	42	2	34
#	60	2	35
$	66	3	36
%	94	2	37
&	80	2	38
'	32	2	39
(	32	3	40
)	32	3	41
*	46	2	42
+	60	0	43
,	34	1	44
hy	36	0	45
-	"
.	34	0	46
/	60	3	47
0	66	2	48
1	66	2	49
2	66	2	50
3	66	2	51
4	66	2	52
5	66	2	53
6	66	2	54
7	66	2	55
8	66	2	56
9	66	2	57
:	34	0	58
;	34	1	59
---	60	0	60
=	60	0	61
---	60	0	62
?	66	2	63
@	82	2	64
A	72	2	65
B	72	2	66
C	74	2	67
D	78	2	68
E	72	2	69
F	68	2	70
G	78	2	71
H	82	2	72
I	40	2	73
J	64	2	74
K	80	2	75
L	64	2	76
M	94	2	77
N	74	2	78
O	80	2	79
P	66	2	80
Q	80	3	81
R	78	2	82
S	66	2	83
T	70	2	84
U	74	2	85
V	72	2	86
W	94	2	87
X	78	2	88
Y	70	2	89
Z	64	2	90
[	30	3	91
\	60	2	92
]	30	3	93
---	60	2	94
---	50	1	95
`	32	2	96
a	58	0	97
b	60	2	98
c	58	0	99
d	64	2	100
e	58	0	101
f	38	2	102
g	58	3	103
h	68	2	104
i	36	2	105
j	34	3	106
k	66	2	107
l	34	2	108
m	100	0	109
n	68	0	110
o	62	0	111
p	64	1	112
q	62	1	113
r	46	0	114
s	52	0	115
t	46	2	116
u	66	0	117
v	60	0	118
w	80	0	119
x	60	0	120
y	62	1	121
z	56	0	122
{	32	3	123
---	60	2	124
}	32	3	125
---	60	0	126
---	36	1	161
ct	66	2	162
ps	66	2	163
fr	12	2	164
yn	66	2	165
fn	66	3	166
sc	60	3	167
cr	60	2	168
---	24	2	169
``	54	2	170
---	40	0	171
---	22	0	172
---	22	0	173
fi	74	2	174
fl	74	2	175
en	50	0	177
\-	"
dg	44	3	178
dd	38	3	179
---	34	0	180
pg	80	2	182
---	46	0	183
---	32	1	184
---	54	1	185
''	54	2	186
---	40	0	187
---	100	0	188
---	136	2	189
---	66	1	191
ga	40	2	193
\`	"
aa	40	2	194
\'	"
^a	50	2	195
^	"
~a	48	2	196
~	"
-a	46	2	197
Ua	50	2	198
.a	32	2	199
:a	50	2	200
oa	34	2	202
,a	36	1	203
"a	44	2	205
Ca	32	1	206
va	50	2	207
em	100	0	208
---	114	2	225
---	40	2	227
---	64	2	232
---	80	3	233
---	122	2	234
---	40	2	235
---	88	0	241
---	36	0	245
---	34	2	248
---	62	0	249
---	94	0	250
---	66	2	251
