name KI
fontname Bookman-LightItalic
named in prologue
ligatures fi fl 0
spacewidth 30
charset
!	32	2	33
"	36	2	34
#	60	2	35
$	62	2	36
%	80	2	37
&	82	2	38
'	28	2	39
(	28	3	40
)	28	3	41
*	44	2	42
+	60	2	43
,	30	1	44
hy	32	0	45
-	"
.	30	0	46
/	60	3	47
0	62	2	48
1	62	2	49
2	62	2	50
3	62	2	51
4	62	2	52
5	62	2	53
6	62	2	54
7	62	2	55
8	62	2	56
9	62	2	57
:	30	0	58
;	30	1	59
---	60	2	60
=	60	0	61
---	60	2	62
?	54	2	63
@	78	2	64
A	70	2	65
B	72	2	66
C	72	2	67
D	74	2	68
E	68	2	69
F	62	2	70
G	76	2	71
H	80	2	72
I	32	2	73
J	56	2	74
K	72	2	75
L	58	2	76
M	86	2	77
N	72	2	78
O	76	2	79
P	60	2	80
Q	78	3	81
R	70	2	82
S	64	2	83
T	60	2	84
U	72	2	85
V	68	2	86
W	96	2	87
X	70	2	88
Y	66	2	89
Z	58	2	90
[	26	3	91
\	60	2	92
]	26	3	93
---	60	2	94
---	50	1	95
`	28	2	96
a	62	0	97
b	60	2	98
c	48	0	99
d	64	2	100
e	54	0	101
f	34	3	102
g	56	1	103
h	62	2	104
i	28	2	105
j	28	3	106
k	60	2	107
l	28	2	108
m	88	0	109
n	62	0	110
o	54	0	111
p	60	1	112
q	56	1	113
r	40	0	114
s	54	0	115
t	34	2	116
u	62	0	117
v	54	0	118
w	88	0	119
x	54	0	120
y	60	1	121
z	52	0	122
{	36	3	123
---	60	2	124
}	38	3	125
---	60	0	126
---	32	1	161
ct	62	2	162
ps	62	2	163
fr	2	2	164
yn	62	2	165
fn	62	3	166
sc	62	3	167
cr	60	2	168
---	20	2	169
``	44	2	170
---	30	0	171
---	18	0	172
---	18	0	173
fi	64	3	174
fl	66	3	175
en	50	0	177
\-	"
dg	62	3	178
dd	62	3	179
---	30	0	180
pg	62	2	182
---	46	0	183
---	32	1	184
---	48	1	185
''	44	2	186
---	30	0	187
---	100	0	188
---	118	2	189
---	54	1	191
ga	34	2	193
\`	"
aa	32	2	194
\'	"
^a	44	2	195
^	"
~a	44	2	196
~	"
-a	44	2	197
Ua	44	2	198
.a	26	2	199
:a	42	2	200
oa	30	2	202
,a	32	1	203
"a	34	2	205
Ca	26	1	206
va	44	2	207
em	100	0	208
---	122	2	225
---	44	2	227
---	58	2	232
---	76	2	233
---	118	2	234
---	40	2	235
---	88	0	241
---	28	0	245
---	34	2	248
---	54	0	249
---	90	0	250
---	62	3	251
