name KR
fontname Bookman-Light
named in prologue
ligatures fi fl 0
spacewidth 32
charset
!	30	2	33
"	38	2	34
#	60	2	35
$	62	2	36
%	90	2	37
&	80	2	38
'	22	2	39
(	30	3	40
)	30	3	41
*	44	2	42
+	60	0	43
,	32	1	44
hy	40	0	45
-	"
.	32	0	46
/	60	3	47
0	62	2	48
1	62	2	49
2	62	2	50
3	62	2	51
4	62	2	52
5	62	2	53
6	62	2	54
7	62	2	55
8	62	2	56
9	62	2	57
:	32	0	58
;	32	1	59
---	60	0	60
=	60	0	61
---	60	0	62
?	54	2	63
@	82	2	64
A	68	2	65
B	74	2	66
C	74	2	67
D	80	2	68
E	72	2	69
F	64	2	70
G	80	2	71
H	80	2	72
I	34	2	73
J	60	2	74
K	72	2	75
L	60	2	76
M	92	2	77
N	74	2	78
O	80	2	79
P	62	2	80
Q	82	3	81
R	72	2	82
S	66	2	83
T	62	2	84
U	78	2	85
V	70	2	86
W	96	2	87
X	72	2	88
Y	64	2	89
Z	64	2	90
[	30	3	91
\	60	2	92
]	30	3	93
---	60	2	94
---	50	1	95
`	22	2	96
a	58	0	97
b	62	2	98
c	52	0	99
d	62	2	100
e	52	0	101
f	32	2	102
g	54	3	103
h	66	2	104
i	30	2	105
j	30	3	106
k	62	2	107
l	30	2	108
m	94	0	109
n	66	0	110
o	56	0	111
p	62	1	112
q	58	1	113
r	44	0	114
s	52	0	115
t	38	2	116
u	68	0	117
v	52	0	118
w	78	0	119
x	56	0	120
y	54	1	121
z	48	0	122
{	28	3	123
---	60	2	124
}	28	3	125
---	60	0	126
---	30	1	161
ct	62	2	162
ps	62	2	163
fr	14	2	164
yn	62	2	165
fn	62	3	166
sc	52	3	167
cr	60	2	168
---	22	2	169
``	40	2	170
---	36	0	171
---	24	0	172
---	24	0	173
fi	62	2	174
fl	62	2	175
en	50	0	177
\-	"
dg	54	3	178
dd	54	3	179
---	32	0	180
pg	60	2	182
---	46	0	183
---	22	0	184
---	40	0	185
''	40	2	186
---	36	0	187
---	100	0	188
---	128	2	189
---	54	1	191
ga	34	2	193
\`	"
aa	34	2	194
\'	"
^a	42	2	195
^	"
~a	44	2	196
~	"
-a	44	2	197
Ua	46	2	198
.a	26	2	199
:a	42	2	200
oa	32	2	202
,a	32	1	203
"a	38	2	205
Ca	32	1	206
va	42	2	207
em	100	0	208
---	126	2	225
---	42	2	227
---	60	2	232
---	80	2	233
---	124	2	234
---	42	2	235
---	86	0	241
---	30	0	245
---	32	2	248
---	56	0	249
---	90	0	250
---	66	2	251
