name KX
fontname Bookman-DemiItalic
named in prologue
ligatures fi fl 0
spacewidth 34
charset
!	32	2	33
"	38	2	34
#	60	2	35
$	68	3	36
%	88	2	37
&	98	2	38
'	32	2	39
(	26	3	40
)	26	3	41
*	46	2	42
+	60	0	43
,	34	1	44
hy	28	0	45
-	"
.	34	0	46
/	36	2	47
0	68	2	48
1	68	2	49
2	68	2	50
3	68	2	51
4	68	2	52
5	68	2	53
6	68	2	54
7	68	2	55
8	68	2	56
9	68	2	57
:	34	0	58
;	34	1	59
---	62	0	60
=	60	0	61
---	62	0	62
?	62	2	63
@	78	2	64
A	72	2	65
B	72	2	66
C	70	2	67
D	76	2	68
E	72	2	69
F	66	2	70
G	76	2	71
H	80	2	72
I	38	2	73
J	62	2	74
K	78	2	75
L	64	2	76
M	86	2	77
N	74	2	78
O	76	2	79
P	64	2	80
Q	76	3	81
R	74	2	82
S	70	2	83
T	70	2	84
U	74	2	85
V	66	2	86
W	100	2	87
X	74	2	88
Y	66	2	89
Z	68	2	90
[	26	3	91
\	58	2	92
]	26	3	93
---	62	2	94
---	50	1	95
`	32	2	96
a	68	0	97
b	60	2	98
c	56	0	99
d	68	2	100
e	56	0	101
f	42	3	102
g	62	1	103
h	70	2	104
i	38	2	105
j	32	3	106
k	70	2	107
l	38	2	108
m	96	0	109
n	68	0	110
o	60	0	111
p	66	1	112
q	62	1	113
r	50	0	114
s	54	0	115
t	44	2	116
u	68	0	117
v	54	0	118
w	86	0	119
x	62	0	120
y	60	1	121
z	56	0	122
{	30	3	123
---	62	2	124
}	30	3	125
---	62	0	126
---	32	1	161
ct	68	2	162
ps	68	2	163
fr	12	2	164
yn	68	2	165
fn	68	3	166
sc	62	3	167
cr	68	2	168
---	18	2	169
``	52	2	170
---	38	0	171
---	22	0	172
---	22	0	173
fi	82	3	174
fl	82	3	175
en	50	0	177
\-	"
dg	42	3	178
dd	42	3	179
---	34	0	180
pg	68	3	182
---	36	0	183
---	30	1	184
---	52	1	185
''	52	2	186
---	38	0	187
---	100	0	188
---	136	2	189
---	62	1	191
ga	38	2	193
\`	"
aa	34	2	194
\'	"
^a	48	2	195
^	"
~a	48	2	196
~	"
-a	48	2	197
Ua	46	2	198
.a	38	2	199
:a	52	2	200
oa	36	2	202
,a	36	1	203
"a	56	2	205
Ca	32	1	206
va	48	2	207
em	100	0	208
---	114	2	225
---	44	2	227
---	64	2	232
---	76	2	233
---	118	2	234
---	44	2	235
---	88	0	241
---	38	0	245
---	38	2	248
---	60	2	249
---	92	0	250
---	66	3	251
