name NB
fontname NewCenturySchlbk-Bold
named in prologue
ligatures fi fl 0
spacewidth 29
charset
!	30	2	33
"	33	2	34
#	57	2	35
$	57	3	36
%	83	2	37
&	85	2	38
'	24	2	39
(	39	3	40
)	39	3	41
*	50	2	42
+	61	0	43
,	28	1	44
hy	33	0	45
-	"
.	28	0	46
/	28	2	47
0	57	2	48
1	57	2	49
2	57	2	50
3	57	2	51
4	57	2	52
5	57	2	53
6	57	2	54
7	57	2	55
8	57	2	56
9	57	2	57
:	28	0	58
;	28	1	59
---	61	0	60
=	61	0	61
---	61	0	62
?	50	2	63
@	75	2	64
A	76	2	65
B	78	2	66
C	78	2	67
D	83	2	68
E	76	2	69
F	72	2	70
G	83	2	71
H	87	2	72
I	44	2	73
J	65	2	74
K	81	2	75
L	72	2	76
M	98	2	77
N	83	2	78
O	83	2	79
P	76	2	80
Q	83	3	81
R	81	2	82
S	67	2	83
T	72	2	84
U	83	2	85
V	76	2	86
W	98	2	87
X	72	2	88
Y	72	2	89
Z	67	2	90
[	39	3	91
\	61	2	92
]	39	3	93
---	61	2	94
---	50	1	95
`	24	2	96
a	61	0	97
b	65	2	98
c	56	0	99
d	67	2	100
e	57	0	101
f	39	2	102
g	61	1	103
h	69	2	104
i	37	2	105
j	35	3	106
k	67	2	107
l	35	2	108
m	96	0	109
n	69	0	110
o	61	0	111
p	67	1	112
q	65	1	113
r	52	0	114
s	50	0	115
t	43	2	116
u	69	0	117
v	61	0	118
w	89	0	119
x	61	0	120
y	61	1	121
z	54	0	122
{	39	3	123
---	61	2	124
}	39	3	125
---	61	0	126
---	30	1	161
ct	57	3	162
ps	57	2	163
fr	17	2	164
yn	72	2	165
fn	57	3	166
sc	50	2	167
cr	61	2	168
---	24	2	169
``	48	2	170
---	50	0	171
---	33	0	172
---	33	0	173
fi	69	2	174
fl	69	2	175
en	50	0	177
\-	"
dg	50	2	178
dd	50	2	179
---	28	0	180
pg	75	2	182
---	61	0	183
---	24	1	184
---	48	1	185
''	48	2	186
---	50	0	187
---	100	0	188
---	100	2	189
---	50	1	191
ga	33	2	193
\`	"
aa	33	2	194
\'	"
^a	33	2	195
^	"
~a	33	2	196
~	"
-a	33	2	197
Ua	33	2	198
.a	33	2	199
:a	33	2	200
oa	33	2	202
,a	33	1	203
"a	33	2	205
Ca	33	1	206
va	33	2	207
em	100	0	208
---	98	2	225
---	37	2	227
---	72	2	232
---	83	2	233
---	100	2	234
---	37	2	235
---	87	0	241
---	37	0	245
---	35	2	248
---	61	3	249
---	91	0	250
---	61	2	251
