name NR
fontname NewCenturySchlbk-Roman
named in prologue
ligatures fi fl 0
spacewidth 28
charset
!	30	2	33
"	39	2	34
#	56	2	35
$	56	3	36
%	83	2	37
&	81	2	38
'	20	2	39
(	33	3	40
)	33	3	41
*	50	2	42
+	61	0	43
,	28	1	44
hy	33	0	45
-	"
.	28	0	46
/	28	2	47
0	56	2	48
1	56	2	49
2	56	2	50
3	56	2	51
4	56	2	52
5	56	2	53
6	56	2	54
7	56	2	55
8	56	2	56
9	56	2	57
:	28	0	58
;	28	1	59
---	61	0	60
=	61	0	61
---	61	0	62
?	44	2	63
@	74	2	64
A	72	2	65
B	72	2	66
C	72	2	67
D	78	2	68
E	72	2	69
F	67	2	70
G	78	2	71
H	83	2	72
I	41	2	73
J	56	2	74
K	78	2	75
L	67	2	76
M	94	2	77
N	81	2	78
O	78	2	79
P	67	2	80
Q	78	3	81
R	72	2	82
S	63	2	83
T	67	2	84
U	81	2	85
V	72	2	86
W	98	2	87
X	70	2	88
Y	70	2	89
Z	61	2	90
[	33	3	91
\	61	2	92
]	33	3	93
---	61	2	94
---	50	1	95
`	20	2	96
a	56	0	97
b	56	2	98
c	44	0	99
d	57	2	100
e	50	0	101
f	33	2	102
g	54	1	103
h	61	2	104
i	32	2	105
j	30	3	106
k	59	2	107
l	32	2	108
m	89	0	109
n	61	0	110
o	50	0	111
p	57	1	112
q	56	1	113
r	44	0	114
s	46	0	115
t	39	2	116
u	61	0	117
v	54	0	118
w	78	0	119
x	54	0	120
y	54	1	121
z	48	0	122
{	33	3	123
---	61	2	124
}	33	3	125
---	61	0	126
---	30	3	161
ct	56	3	162
ps	56	2	163
fr	17	2	164
yn	70	2	165
fn	56	3	166
sc	50	3	167
cr	61	2	168
---	20	2	169
``	39	2	170
---	43	0	171
---	26	0	172
---	26	0	173
fi	61	2	174
fl	61	2	175
en	56	0	177
\-	"
dg	50	3	178
dd	50	3	179
---	28	0	180
pg	61	3	182
---	61	2	183
---	20	1	184
---	39	1	185
''	39	2	186
---	43	0	187
---	100	0	188
---	100	2	189
---	44	3	191
ga	33	2	193
\`	"
aa	33	2	194
\'	"
^a	33	2	195
^	"
~a	33	2	196
~	"
-a	33	2	197
Ua	33	2	198
.a	33	2	199
:a	33	2	200
oa	33	2	202
,a	33	1	203
"a	33	2	205
Ca	33	1	206
va	33	2	207
em	100	0	208
---	100	2	225
---	33	2	227
---	67	2	232
---	78	2	233
---	100	2	234
---	30	2	235
---	80	0	241
---	32	0	245
---	32	2	248
---	50	2	249
---	83	0	250
---	57	2	251
