name NX
fontname NewCenturySchlbk-BoldItalic
named in prologue
ligatures fi fl 0
spacewidth 29
charset
!	33	2	33
"	40	2	34
#	61	2	35
$	57	3	36
%	89	2	37
&	89	2	38
'	26	2	39
(	41	3	40
)	41	3	41
*	50	2	42
+	61	0	43
,	29	1	44
hy	33	0	45
-	"
.	29	0	46
/	28	2	47
0	57	2	48
1	57	2	49
2	57	2	50
3	57	2	51
4	57	2	52
5	57	2	53
6	57	2	54
7	57	2	55
8	57	2	56
9	57	2	57
:	29	0	58
;	29	1	59
---	61	0	60
=	61	0	61
---	61	0	62
?	48	2	63
@	75	2	64
A	74	2	65
B	76	2	66
C	76	2	67
D	83	2	68
E	74	2	69
F	70	2	70
G	81	2	71
H	87	2	72
I	44	2	73
J	67	2	74
K	78	2	75
L	70	2	76
M	94	2	77
N	85	2	78
O	83	2	79
P	74	2	80
Q	83	3	81
R	80	2	82
S	69	2	83
T	72	2	84
U	83	2	85
V	74	2	86
W	94	2	87
X	74	2	88
Y	70	2	89
Z	70	2	90
[	41	3	91
\	61	2	92
]	41	3	93
---	61	2	94
---	50	1	95
`	26	2	96
a	67	0	97
b	61	2	98
c	54	0	99
d	67	2	100
e	52	0	101
f	39	3	102
g	61	1	103
h	69	2	104
i	39	2	105
j	37	3	106
k	65	2	107
l	39	2	108
m	94	0	109
n	69	0	110
o	57	0	111
p	65	1	112
q	63	1	113
r	52	0	114
s	48	0	115
t	41	2	116
u	69	0	117
v	56	0	118
w	83	0	119
x	57	0	120
y	52	1	121
z	52	0	122
{	41	3	123
---	61	2	124
}	41	3	125
---	61	0	126
---	33	3	161
ct	57	3	162
ps	57	2	163
fr	17	2	164
yn	57	2	165
fn	57	3	166
sc	50	3	167
cr	57	2	168
---	29	2	169
``	48	2	170
---	48	0	171
---	28	0	172
---	28	0	173
fi	69	3	174
fl	69	3	175
en	50	0	177
\-	"
dg	50	3	178
dd	50	3	179
---	29	0	180
pg	65	2	182
---	61	0	183
---	26	1	184
---	48	1	185
''	48	2	186
---	48	0	187
---	100	0	188
---	117	2	189
---	48	3	191
ga	33	2	193
\`	"
aa	33	2	194
\'	"
^a	33	2	195
^	"
~a	33	2	196
~	"
-a	33	2	197
Ua	33	2	198
.a	33	2	199
:a	33	2	200
oa	33	2	202
,a	33	1	203
"a	33	2	205
Ca	33	1	206
va	33	2	207
em	100	0	208
---	89	2	225
---	41	2	227
---	70	2	232
---	83	2	233
---	96	2	234
---	36	2	235
---	81	0	241
---	39	0	245
---	39	2	248
---	57	3	249
---	85	0	250
---	57	3	251
