name PA
fontname Palatino-Roman
named in prologue
ligatures fi fl 0
spacewidth 25
charset
!	28	2	33
"	37	2	34
#	50	2	35
$	50	2	36
%	84	2	37
&	78	2	38
'	28	2	39
(	33	2	40
)	33	2	41
*	39	2	42
+	61	0	43
,	25	1	44
hy	33	0	45
-	"
.	25	0	46
/	61	2	47
0	50	2	48
1	50	2	49
2	50	2	50
3	50	2	51
4	50	2	52
5	50	2	53
6	50	2	54
7	50	2	55
8	50	2	56
9	50	2	57
:	25	0	58
;	25	1	59
---	61	0	60
=	61	0	61
---	61	0	62
?	44	2	63
@	75	2	64
A	78	2	65
B	61	2	66
C	71	2	67
D	77	2	68
E	61	2	69
F	56	2	70
G	76	2	71
H	83	2	72
I	34	2	73
J	33	3	74
K	73	2	75
L	61	2	76
M	95	2	77
N	83	2	78
O	79	2	79
P	60	2	80
Q	79	3	81
R	67	2	82
S	53	2	83
T	61	2	84
U	78	2	85
V	72	2	86
W	100	2	87
X	67	2	88
Y	67	2	89
Z	67	2	90
[	33	2	91
\	61	2	92
]	33	2	93
---	61	2	94
---	50	1	95
`	28	2	96
a	50	0	97
b	55	2	98
c	44	0	99
d	61	2	100
e	48	0	101
f	33	2	102
g	56	1	103
h	58	2	104
i	29	2	105
j	23	3	106
k	56	2	107
l	29	2	108
m	88	0	109
n	58	0	110
o	55	0	111
p	60	1	112
q	56	1	113
r	40	0	114
s	42	0	115
t	33	2	116
u	60	0	117
v	56	0	118
w	83	0	119
x	52	0	120
y	56	1	121
z	50	0	122
{	33	2	123
---	61	2	124
}	33	2	125
---	61	0	126
---	28	1	161
ct	50	2	162
ps	50	2	163
fr	17	2	164
yn	50	2	165
fn	50	3	166
sc	50	3	167
cr	50	2	168
---	21	2	169
``	50	2	170
---	50	0	171
---	33	0	172
---	33	0	173
fi	61	2	174
fl	61	2	175
en	50	0	177
\-	"
dg	50	2	178
dd	50	3	179
---	25	0	180
pg	63	3	182
---	61	0	183
---	28	1	184
---	50	1	185
''	50	2	186
---	50	0	187
---	100	0	188
---	114	2	189
---	44	1	191
ga	33	2	193
\`	"
aa	33	2	194
\'	"
^a	33	2	195
^	"
~a	33	2	196
~	"
-a	33	2	197
Ua	33	2	198
.a	25	2	199
:a	33	2	200
oa	33	2	202
,a	33	1	203
"a	38	2	205
Ca	31	1	206
va	33	2	207
em	100	0	208
---	94	2	225
---	33	2	227
---	61	2	232
---	83	2	233
---	100	2	234
---	33	2	235
---	76	0	241
---	29	0	245
---	29	2	248
---	56	0	249
---	83	0	250
---	56	2	251
