name ZI
fontname ZapfChancery-MediumItalic
named in prologue
ligatures fi fl 0
spacewidth 22
charset
!	28	2	33
"	22	2	34
#	68	2	35
$	44	3	36
%	68	2	37
&	78	2	38
'	24	2	39
(	26	3	40
)	22	3	41
*	42	2	42
+	52	0	43
,	22	0	44
hy	28	0	45
-	"
.	22	0	46
/	34	3	47
0	44	2	48
1	44	2	49
2	44	2	50
3	44	2	51
4	44	2	52
5	44	2	53
6	44	2	54
7	44	2	55
8	44	2	56
9	44	2	57
:	26	0	58
;	24	0	59
---	52	0	60
=	52	0	61
---	52	0	62
?	38	2	63
@	70	2	64
A	62	2	65
B	60	2	66
C	52	2	67
D	70	2	68
E	62	2	69
F	58	2	70
G	62	3	71
H	68	2	72
I	38	2	73
J	40	2	74
K	66	3	75
L	58	2	76
M	84	2	77
N	70	3	78
O	60	2	79
P	54	2	80
Q	60	3	81
R	60	3	82
S	46	2	83
T	50	2	84
U	74	2	85
V	64	2	86
W	88	2	87
X	56	2	88
Y	56	3	89
Z	62	2	90
[	24	3	91
\	48	2	92
]	32	3	93
---	52	2	94
---	50	1	95
`	24	2	96
a	42	0	97
b	42	2	98
c	34	0	99
d	44	2	100
e	34	0	101
f	32	3	102
g	40	1	103
h	44	2	104
i	24	2	105
j	22	3	106
k	44	3	107
l	24	2	108
m	62	0	109
n	46	0	110
o	40	0	111
p	44	1	112
q	40	3	113
r	30	0	114
s	32	0	115
t	32	2	116
u	46	0	117
v	44	0	118
w	68	0	119
x	42	1	120
y	40	1	121
z	44	0	122
{	24	3	123
---	52	2	124
}	24	3	125
---	52	0	126
---	28	1	161
ct	44	2	162
ps	48	2	163
fr	6	2	164
yn	72	3	165
fn	40	3	166
sc	42	3	167
cr	60	2	168
---	16	2	169
``	34	2	170
---	34	0	171
---	24	0	172
---	26	0	173
fi	52	3	174
fl	52	3	175
en	50	0	177
\-	"
dg	46	3	178
dd	48	3	179
---	22	0	180
pg	50	3	182
---	60	2	183
---	18	0	184
---	28	0	185
''	36	2	186
---	38	0	187
---	100	0	188
---	96	2	189
---	40	1	191
ga	22	2	193
\`	"
aa	30	2	194
\'	"
^a	34	2	195
^	"
~a	44	2	196
~	"
-a	44	2	197
Ua	44	2	198
.a	22	2	199
:a	36	2	200
oa	30	2	202
,a	30	1	203
"a	40	2	205
Ca	28	1	206
va	34	2	207
em	100	0	208
---	74	2	225
---	26	2	227
---	58	2	232
---	66	3	233
---	82	2	234
---	26	2	235
---	54	0	241
---	24	0	245
---	30	2	248
---	44	3	249
---	56	0	250
---	42	3	251
