name C1
fontname CenturyOldStyle-Regular
ligatures fi fl 0
spacewidth 25
charset
!	26	2	33
"	40	2	34
dq	"
#	50	2	35
$	50	3	36
%	58	2	37
&	79	2	38
'	21	2	39
(	40	3	40
)	40	3	41
*	50	2	42
+	50	0	43
,	25	1	44
hy	24	0	45
-	"
.	25	0	46
/	53	3	47
0	50	2	48
1	50	2	49
2	50	2	50
3	50	2	51
4	50	2	52
5	50	2	53
6	50	2	54
7	50	2	55
8	50	2	56
9	50	2	57
:	25	0	58
;	25	1	59
---	50	0	60
=	50	0	61
---	50	0	62
?	40	2	63
@	85	2	64
A	66	2	65
B	69	2	66
C	69	2	67
D	76	2	68
E	66	2	69
F	61	2	70
G	74	2	71
H	76	2	72
I	34	2	73
J	40	3	74
K	71	2	75
L	58	2	76
M	95	2	77
N	76	2	78
O	76	2	79
P	61	2	80
Q	76	3	81
R	63	2	82
S	55	2	83
T	63	2	84
U	74	2	85
V	66	2	86
W	95	2	87
X	63	2	88
Y	63	2	89
Z	58	2	90
[	40	3	91
\	25	2	92
bs	"
]	40	3	93
---	50	2	94
---	50	1	95
`	21	2	96
a	47	0	97
b	55	2	98
c	47	0	99
d	55	2	100
e	50	0	101
f	29	2	102
g	55	1	103
h	58	2	104
i	26	2	105
j	24	3	106
k	55	2	107
l	26	2	108
m	84	0	109
n	55	0	110
o	53	0	111
p	53	1	112
q	55	1	113
r	40	0	114
s	45	0	115
t	31	2	116
u	55	0	117
v	47	0	118
w	71	0	119
x	53	0	120
y	50	1	121
z	45	0	122
{	40	3	123
---	25	2	124
}	40	3	125
---	50	0	126
---	26	1	161
ct	50	2	162
ps	50	2	163
fr	9	2	164
yn	50	2	165
fn	50	3	166
sc	50	3	167
cr	50	2	168
---	21	2	169
``	40	2	170
---	47	0	171
---	29	0	172
---	29	0	173
fi	58	2	174
fl	55	2	175
en	50	0	177
\-	"
dg	50	3	178
dd	50	3	179
---	25	0	180
pg	66	3	182
---	66	0	183
---	21	1	184
---	40	1	185
''	40	2	186
---	47	0	187
---	100	0	188
---	92	2	189
---	40	1	191
ga	29	2	193
\`	"
aa	29	2	194
\'	"
^a	37	2	195
^	"
~a	50	2	196
~	"
-a	47	2	197
Ua	50	2	198
.a	26	2	199
:a	47	2	200
oa	34	2	202
,a	34	1	203
"a	40	2	205
Ca	37	1	206
va	37	2	207
em	100	0	208
---	103	2	225
---	34	2	227
---	58	2	232
---	76	2	233
---	108	2	234
---	34	2	235
---	76	0	241
---	26	0	245
---	26	2	248
---	53	0	249
---	84	0	250
---	58	2	251
