name F6
fontname FranklinGothic-HeavyOblique
ligatures fi fl 0
spacewidth 30
charset
!	32	2	33
"	52	2	34
dq	"
#	60	2	35
$	60	2	36
%	74	2	37
&	78	2	38
'	30	2	39
(	38	3	40
)	38	3	41
*	60	2	42
+	60	0	43
,	30	1	44
hy	26	0	45
-	"
.	30	0	46
/	60	3	47
0	60	2	48
1	60	2	49
2	60	2	50
3	60	2	51
4	60	2	52
5	60	2	53
6	60	2	54
7	60	2	55
8	60	2	56
9	60	2	57
:	30	0	58
;	30	1	59
---	60	0	60
=	60	0	61
---	60	0	62
?	60	2	63
@	80	2	64
A	66	2	65
B	66	2	66
C	66	2	67
D	68	2	68
E	60	2	69
F	54	2	70
G	68	2	71
H	68	2	72
I	32	2	73
J	44	2	74
K	66	2	75
L	54	2	76
M	86	2	77
N	70	2	78
O	70	2	79
P	66	2	80
Q	70	3	81
R	68	2	82
S	66	2	83
T	50	2	84
U	66	2	85
V	66	2	86
W	92	2	87
X	70	2	88
Y	66	2	89
Z	60	2	90
[	38	3	91
\	60	2	92
bs	"
]	38	3	93
---	60	2	94
---	50	1	95
`	30	2	96
a	58	0	97
b	58	2	98
c	54	0	99
d	58	2	100
e	60	0	101
f	40	2	102
g	58	3	103
h	58	2	104
i	30	2	105
j	30	3	106
k	58	2	107
l	30	2	108
m	86	0	109
n	58	0	110
o	60	0	111
p	58	1	112
q	58	1	113
r	38	0	114
s	54	0	115
t	40	2	116
u	60	0	117
v	54	0	118
w	78	0	119
x	58	0	120
y	54	1	121
z	50	0	122
{	38	3	123
or	30	2	124
}	38	3	125
---	60	0	126
---	32	1	161
ct	60	2	162
ps	60	2	163
fr	12	2	164
yn	60	2	165
fn	60	3	166
sc	60	3	167
cr	60	0	168
---	30	2	169
``	52	2	170
---	42	0	171
---	26	0	172
---	26	0	173
fi	62	2	174
fl	60	2	175
en	50	0	177
\-	"
dg	60	3	178
dd	60	3	179
---	30	0	180
pg	54	3	182
---	60	0	183
---	30	1	184
---	52	1	185
''	52	2	186
---	42	0	187
---	100	0	188
---	108	2	189
---	60	1	191
ga	40	2	193
\`	"
aa	40	2	194
\'	"
^a	54	2	195
^	"
~a	50	2	196
~	"
-a	46	2	197
Ua	52	2	198
.a	28	2	199
:a	44	2	200
oa	34	2	202
,a	34	1	203
"a	60	2	205
Ca	34	1	206
va	54	2	207
em	100	0	208
---	96	2	225
---	38	2	227
---	56	2	232
---	70	2	233
---	98	2	234
---	38	2	235
---	82	0	241
---	30	0	245
---	30	2	248
---	60	0	249
---	86	0	250
---	66	2	251
