fontname Sonata
name MU
charset
---	15	0	32
---	21	0	33
---	51	2	34
---	22	1	35
---	51	3	36
---	52	1	37
---	61	3	38
---	13	0	39
---	17	2	40
---	17	2	41
---	36	0	42
---	30	0	43
---	18	1	44
---	30	0	45
---	9	0	46
---	17	2	47
---	36	1	48
---	25	1	49
---	34	1	50
---	32	1	51
---	33	1	52
---	30	1	53
---	33	1	54
---	34	1	55
---	33	1	56
---	33	1	57
---	15	1	58
---	27	2	59
---	100	2	61
---	42	0	62
---	69	2	63
---	20	0	64
---	30	1	65
---	67	2	66
---	42	1	67
---	81	0	68
---	30	1	69
---	83	2	70
---	15	0	71
---	30	1	72
---	11	0	73
---	0	1	74
---	0	1	75
---	41	1	76
---	59	0	77
---	30	0	79
---	80	1	80
---	30	3	81
---	20	3	82
---	60	3	83
---	62	0	84
---	66	2	85
---	72	2	86
---	61	0	87
---	30	1	88
---	56	1	89
---	65	3	90
---	15	2	91
---	0	2	92
---	46	2	93
---	6	2	94
---	50	0	95
---	50	0	96
---	30	3	97
---	20	3	98
---	42	1	99
---	75	0	100
---	55	3	101
---	52	3	102
---	14	2	103
---	30	3	104
---	10	1	105
---	0	2	106
---	0	2	107
---	4	2	108
---	6	0	109
---	18	1	110
---	12	1	111
---	45	1	112
---	30	3	113
---	56	3	114
---	23	0	115
---	52	2	116
---	66	1	117
---	26	2	118
---	41	0	119
---	56	3	120
---	30	3	121
---	29	0	122
---	13	2	123
---	0	1	124
---	46	2	125
---	34	0	126
---	17	2	160
---	79	2	161
---	25	0	162
---	24	0	163
---	21	0	164
---	26	0	165
---	23	0	166
---	30	3	167
---	21	3	168
---	15	2	169
---	25	0	170
---	8	2	172
---	30	0	173
---	13	0	174
---	30	1	175
---	23	0	176
---	30	1	177
---	30	0	178
---	34	0	179
---	30	3	180
---	85	0	181
---	31	0	183
---	120	1	184
---	82	1	185
---	37	1	186
---	22	0	187
---	23	0	188
---	48	0	189
---	30	2	190
---	30	3	191
---	30	0	192
---	20	0	193
---	41	2	194
---	57	2	195
---	78	3	196
---	14	1	197
---	56	3	198
---	0	0	199
---	0	1	200
---	28	2	201
---	28	0	202
---	26	1	206
---	30	0	207
---	30	0	208
---	30	0	209
---	26	2	210
---	46	2	211
---	61	2	212
---	28	2	214
---	56	2	215
---	47	2	217
---	56	2	218
---	27	0	220
---	50	2	221
---	44	1	222
---	23	0	224
---	30	1	225
---	30	1	226
---	15	0	227
---	7	1	228
---	35	3	229
---	56	1	231
---	28	0	232
---	9	1	233
---	30	3	234
---	105	3	236
---	15	1	237
---	31	0	238
---	30	1	239
---	0	2	240
---	4	2	241
---	37	2	242
---	28	0	243
---	28	3	244
---	0	0	246
---	30	0	250
---	0	1	251
