name OI
fontname Optima-Oblique
ligatures fi fl 0
spacewidth 28
charset
!	33	2	33
"	33	2	34
dq	"
#	61	2	35
$	56	2	36
%	89	2	37
&	72	2	38
'	28	2	39
(	28	3	40
)	28	3	41
*	44	2	42
+	61	0	43
,	28	1	44
hy	33	0	45
-	"
.	28	0	46
/	28	2	47
0	56	2	48
1	56	2	49
2	56	2	50
3	56	2	51
4	56	2	52
5	56	2	53
6	56	2	54
7	56	2	55
8	56	2	56
9	56	2	57
:	28	0	58
;	28	1	59
---	61	0	60
=	61	0	61
---	61	0	62
?	39	2	63
@	80	3	64
A	67	2	65
B	61	2	66
C	67	2	67
D	78	2	68
E	50	2	69
F	50	2	70
G	78	2	71
H	78	2	72
I	28	2	73
J	28	2	74
K	61	2	75
L	50	2	76
M	89	2	77
N	78	2	78
O	83	2	79
P	56	2	80
Q	83	3	81
R	61	2	82
S	50	2	83
T	56	2	84
U	78	2	85
V	67	2	86
W	100	2	87
X	61	2	88
Y	61	2	89
Z	61	2	90
[	33	3	91
\	50	2	92
bs	"
]	33	3	93
---	61	2	94
---	50	1	95
`	28	2	96
a	50	0	97
b	56	2	98
c	50	0	99
d	56	2	100
e	50	0	101
f	28	2	102
g	50	1	103
h	56	2	104
i	28	2	105
j	28	3	106
k	50	2	107
l	28	2	108
m	83	0	109
n	56	0	110
o	56	0	111
p	56	1	112
q	56	1	113
r	33	0	114
s	39	0	115
t	28	2	116
u	56	0	117
v	50	0	118
w	78	0	119
x	50	0	120
y	50	1	121
z	50	0	122
{	33	3	123
---	33	3	124
}	33	3	125
---	61	0	126
---	33	1	161
ct	56	2	162
ps	56	2	163
fr	17	2	164
yn	56	2	165
fn	56	3	166
sc	50	3	167
cr	56	2	168
---	28	2	169
``	44	2	170
---	50	0	171
---	33	0	172
---	33	0	173
fi	56	2	174
fl	56	2	175
en	50	0	177
\-	"
dg	50	3	178
dd	50	3	179
---	28	0	180
pg	80	3	182
---	61	0	183
---	28	1	184
---	44	1	185
''	44	2	186
---	50	0	187
---	100	0	188
---	100	2	189
---	39	1	191
ga	33	2	193
\`	"
aa	33	2	194
\'	"
^a	33	2	195
^	"
~a	33	2	196
~	"
-a	33	2	197
Ua	33	2	198
.a	33	2	199
:a	33	2	200
oa	33	2	202
,a	33	1	203
"a	33	2	205
Ca	33	1	206
va	33	2	207
em	100	0	208
---	83	2	225
---	32	2	227
---	50	2	232
---	83	2	233
---	100	2	234
---	34	2	235
---	78	0	241
---	28	0	245
---	28	2	248
---	56	0	249
---	89	0	250
---	56	2	251
