EST 39600 EST 36000
   5713200   25671600   37767600   57726000   68007600   89175600
 100062000  120625200  131511600  152074800  162961200  183524400
 195015600  215578800  226465200  247028400  257914800  278478000
 289364400  309927600  320814000  341377200  352263600  372826800
 386132400  404881200  417582000  436330800  447217200  467780400
 478666800  499230000  510116400  530074800  542775600  562129200
 574830000  594183600  606279600  625633200  637729200  657082800
 670388400  686718000  701838000  718167600  733287600  749617200
 764737200  781066800  796186800  812516400  828241200  844570800
 859690800  876020400  891140400  907470000  922590000  938919600
 954039600  970369200  985489200 1002423600 1017543600 1033873200
1048993200 1065322800 1080442800 1096772400 1111892400 1128222000
1143342000 1159671600 1174791600 1191726000 1206846000 1223175600
1238295600 1254625200 1269745200 1286074800 1301194800 1317524400
1332644400 1349578800 1364698800 1381028400 1396148400 1412478000
1427598000 1443927600 1459047600 1475377200 1490497200 1506826800
1521946800 1538881200 1554001200 1570330800 1585450800 1601780400
1616900400 1633230000 1648350000 1664679600 1679799600 1696129200
1711854000 1728183600 1743303600 1759633200 1774753200 1791082800
1806202800 1822532400 1837652400 1853982000 1869102000 1886036400
1901156400 1917486000 1932606000 1948935600 1964055600 1980385200
1995505200 2011834800 2026954800 2043284400 2058404400 2075338800
2090458800 2106788400 2121908400 2138238000
