WST -14400 WDT -10800
 561952800  571626000  593402400  603075600  625543200  634525200
 656906400  665974800  688356000  697424400  719805600  729478800
 751255200  760928400  782704800  792378000  814845600  823827600
 846208800  855277200  877658400  887418000  909108000  918781200
 940557600  950230800  972698400  981680400 1004061600 1013130000
1035511200 1044579600 1066960800 1076720400 1098410400 1108083600
1129860000 1139533200 1162000800 1170982800 1193364000 1202432400
1224813600 1234573200 1256263200 1265936400 1287712800 1297386000
1319162400 1328835600 1351216800 1360285200 1382666400 1391734800
1414116000 1423875600 1445565600 1455238800 1477015200 1486688400
1509156000 1518138000 1540519200 1549587600 1571968800 1581037200
1603418400 1613091600 1634868000 1644541200 1666317600 1675990800
1698458400 1707440400 1729821600 1738890000 1761271200 1771030800
1792720800 1802394000 1824170400 1833843600 1856311200 1865293200
1887674400 1896742800 1919124000 1928192400 1950573600 1960333200
1982023200 1991696400 2013472800 2023146000 2045613600 2054595600
2076976800 2086045200 2108426400 2118186000 2139876000
