NST -12600 NDT -9000
   9943200   25664400   41392800   57718800   73447200   89168400
 104896800  120618000  136346400  152067600  167796000  183517200
 199245600  215571600  230695200  247021200  262749600  278470800
 294199200  309920400  325648800  341370000  357098400  372819600
 388548000  404874000  419997600  436323600  452052000  467773200
 483501600  499222800  514951200  530672400  544586400  562122000
 576036000  594176400  607485600  625626000  638935200  657075600
 670989600  688525200  702439200  719974800  733888800  752029200
 765338400  783478800  796788000  814928400  828842400  846378000
 860292000  877827600  891741600  909277200  923191200  941331600
 954640800  972781200  986090400 1004230800 1018144800 1035680400
1049594400 1067130000 1081044000 1099184400 1112493600 1130634000
1143943200 1162083600 1173578400 1194138000 1205028000 1225587600
1236477600 1257037200 1268532000 1289091600 1299981600 1320541200
1331431200 1351990800 1362880800 1383440400 1394330400 1414890000
1425780000 1446339600 1457834400 1478394000 1489284000 1509843600
1520733600 1541293200 1552183200 1572742800 1583632800 1604192400
1615687200 1636246800 1647136800 1667696400 1678586400 1699146000
1710036000 1730595600 1741485600 1762045200 1772935200 1793494800
1804989600 1825549200 1836439200 1856998800 1867888800 1888448400
1899338400 1919898000 1930788000 1951347600 1962842400 1983402000
1994292000 2014851600 2025741600 2046301200 2057191200 2077750800
2088640800 2109200400 2120090400 2140650000 
