CET 3600 CET 7200
 512532000  528256800  543981600  559706400  575431200  591156000
 606880800  622605600  638330400  654660000  670384800  686109600
 701834400  717559200  733284000  749008800  764733600  780458400
 796183200  811908000  828237600  843962400  859687200  875412000
 891136800  906861600  922586400  938311200  954036000  969760800
 985485600 1001815200 1017540000 1033264800 1048989600 1064714400
1080439200 1096164000 1111888800 1127613600 1143338400 1159063200
1174788000 1191117600 1206842400 1222567200 1238292000 1254016800
1269741600 1285466400 1301191200 1316916000 1332640800 1348970400
1364695200 1380420000 1396144800 1411869600 1427594400 1443319200
1459044000 1474768800 1490493600 1506218400 1521943200 1538272800
1553997600 1569722400 1585447200 1601172000 1616896800 1632621600
1648346400 1664071200 1679796000 1695520800 1711850400 1727575200
1743300000 1759024800 1774749600 1790474400 1806199200 1821924000
1837648800 1853373600 1869098400 1885428000 1901152800 1916877600
1932602400 1948327200 1964052000 1979776800 1995501600 2011226400
2026951200 2042676000 2058400800 2074730400 2090455200 2106180000
2121904800 2137629600
