EST -21600 EDT -18000
 560916000  574218000  592365600  605667600  623815200  637117200
 655869600  668566800  687319200  700016400  718768800  732070800
 750218400  763520400  781668000  794970000  813117600  826419600
 845172000  857869200  876621600  889318800  908071200  921373200
 939520800  952822800  970970400  984272400 1003024800 1015722000
1034474400 1047171600 1065924000 1079226000 1097373600 1110675600
1128823200 1142125200 1160272800 1173574800 1192327200 1205024400
1223776800 1236474000 1255226400 1268528400 1286676000 1299978000
1318125600 1331427600 1350180000 1362877200 1381629600 1394326800
1413079200 1425776400 1444528800 1457830800 1475978400 1489280400
1507428000 1520730000 1539482400 1552179600 1570932000 1583629200
1602381600 1615683600 1633831200 1647133200 1665280800 1678582800
1696730400 1710032400 1728784800 1741482000 1760234400 1772931600
1791684000 1804986000 1823133600 1836435600 1854583200 1867885200
1886637600 1899334800 1918087200 1930784400 1949536800 1962838800
1980986400 1994288400 2012436000 2025738000 2043885600 2057187600
2075940000 2088637200 2107389600 2120086800 2138839200
