CST -18000 CDT -14400
 290563200  308703600  322012800  340153200  358300800  371602800
 389750400  403052400  421200000  434502000  453254400  466556400
 484704000  498006000  516153600  529455600  547603200  560905200
 579052800  592354800  611107200  623804400  642556800  655858800
 674006400  687308400  705456000  718758000  736905600  750207600
 768355200  781657200  800409600  813106800  831859200  845161200
 863308800  876610800  894758400  908060400  926208000  939510000
 958262400  970959600  989712000 1003014000 1021161600 1034463600
1052611200 1065913200 1084060800 1097362800 1115510400 1128812400
1147564800 1160262000 1179014400 1192316400 1210464000 1223766000
1241913600 1255215600 1273363200 1286665200 1304812800 1318114800
1336867200 1350169200 1368316800 1381618800 1399766400 1413068400
1431216000 1444518000 1462665600 1475967600 1494720000 1507417200
1526169600 1539471600 1557619200 1570921200 1589068800 1602370800
1620518400 1633820400 1651968000 1665270000 1684022400 1696719600
1715472000 1728774000 1746921600 1760223600 1778371200 1791673200
1809820800 1823122800 1841875200 1854572400 1873324800 1886626800
1904774400 1918076400 1936224000 1949526000 1967673600 1980975600
1999123200 2012425200 2031177600 2043874800 2062627200 2075929200
2094076800 2107378800 2125526400 2138828400
