EET 7200 EET 10800
  10375200   23590800   41911200   55126800   73533600   86749200
 105069600  118285200  136605600  149821200  168141600  181357200
 199764000  212979600  231300000  244515600  262836000  276051600
 294372000  307587600  325994400  339210000  420602400  433818000
 452224800  465440400  483760800  496976400  515296800  528512400
 546832800  560048400  578455200  591670800  609991200  623206800
 641527200  654742800  673063200  686278800  704685600  717901200
 736221600  749437200  767757600  780973200  799293600  812509200
 830916000  844131600  862452000  875667600  893988000  907203600
 925524000  938739600  957146400  970362000  988682400 1001898000
1020218400 1033434000 1051754400 1064970000 1083376800 1096592400
1114912800 1128128400 1146448800 1159664400 1177984800 1191200400
1209607200 1222822800 1241143200 1254358800 1272679200 1285894800
1304215200 1317430800 1335837600 1349053200 1367373600 1380589200
1398909600 1412125200 1430445600 1443661200 1462068000 1475283600
1493604000 1506819600 1525140000 1538355600 1556676000 1569891600
1588298400 1601514000 1619834400 1633050000 1651370400 1664586000
1682906400 1696122000 1714528800 1727744400 1746064800 1759280400
1777600800 1790816400 1809136800 1822352400 1840759200 1853974800
1872295200 1885510800 1903831200 1917046800 1935367200 1948582800
1966989600 1980205200 1998525600 2011741200 2030061600 2043277200
2061597600 2074813200 2093220000 2106435600 2124756000 2137971600
