IST 12600 IDT 16200
 575431200  590547600  606880800  621997200  638330400  653446800
 670384800  684896400  701834400  716950800  733284000  748400400
 764733600  779850000  796183200  811299600  828237600  842749200
 859687200  874803600  891136800  906253200  922586400  937702800
 954036000  969152400  985485600 1000602000 1017540000 1032051600
1048989600 1064106000 1080439200 1095555600 1111888800 1127005200
1143338400 1158454800 1174788000 1189904400 1206842400 1221958800
1238292000 1253408400 1269741600 1284858000 1301191200 1316307600
1332640800 1347757200 1364695200 1379206800 1396144800 1411261200
1427594400 1442710800 1459044000 1474160400 1490493600 1505610000
1521943200 1537059600 1553997600 1568509200 1585447200 1600563600
1616896800 1632013200 1648346400 1663462800 1679796000 1694912400
1711850400 1726362000 1743300000 1758416400 1774749600 1789866000
1806199200 1821315600 1837648800 1852765200 1869098400 1884214800
1901152800 1915664400 1932602400 1947718800 1964052000 1979168400
1995501600 2010618000 2026951200 2042067600 2058400800 2073517200
2090455200 2105571600 2121904800 2137021200
