EET 7200 EET 10800
 386474400  402195600  418010400  433731600  449632800  465354000
 481168800  496890000  512704800  528426000  544240800  559962000
 575863200  591584400  607399200  623120400  638935200  654656400
 670471200  686192400  702093600  717814800  733629600  749350800
 765165600  780886800  796701600  812422800  828324000  844045200
 859860000  875581200  891396000  907117200  922932000  938653200
 954554400  970275600  986090400 1001811600 1017626400 1033347600
1049162400 1064883600 1080784800 1096506000 1112320800 1128042000
1143856800 1159578000 1175392800 1191114000 1207015200 1222736400
1238551200 1254272400 1270087200 1285808400 1301623200 1317344400
1333245600 1348966800 1364781600 1380502800 1396317600 1412038800
1427853600 1443574800 1459476000 1475197200 1491012000 1506733200
1522548000 1538269200 1554084000 1569805200 1585706400 1601427600
1617242400 1632963600 1648778400 1664499600 1680314400 1696035600
1711936800 1727658000 1743472800 1759194000 1775008800 1790730000
1806544800 1822266000 1838167200 1853888400 1869703200 1885424400
1901239200 1916960400 1932775200 1948496400 1964397600 1980118800
1995933600 2011654800 2027469600 2043190800 2059005600 2074726800
2090628000 2106349200 2122164000 2137885200
