Manufacturer: EPSON
Model: Stylus Photo 2200
Resolution: 1440x720
Dither: 2
Aspect: 2
Microdot: 16
Unidirectional: 0
AddLut: K
23
0 0
0.041667 0.072936
0.083333 0.144825
0.125000 0.193066
0.166667 0.249716
0.208333 0.302334
0.250000 0.342984
0.291667 0.386044
0.333333 0.425084
0.375000 0.458522
0.416667 0.520504
0.458333 0.577275
0.500000 0.605041
0.541667 0.652086
0.583333 0.679372
0.625000 0.703745
0.666667 0.727044
0.708333 0.750855
0.750000 0.765267
0.791667 0.920270
0.833333 0.992157
0.875000 0.996076
0.916667 1.000000
AddLut: K
4
0 0
0 0.5
0.15 0.75
0.65 1
AddLut: k
23
0 0
0.041667 0.072936
0.083333 0.144825
0.125000 0.193066
0.166667 0.249716
0.208333 0.302334
0.250000 0.342984
0.291667 0.386044
0.333333 0.425084
0.375000 0.458522
0.416667 0.520504
0.458333 0.577275
0.500000 0.605041
0.541667 0.652086
0.583333 0.679372
0.625000 0.703745
0.666667 0.727044
0.708333 0.750855
0.750000 0.765267
0.791667 0.920270
0.833333 0.992157
0.875000 0.996076
0.916667 1.000000
AddLut: k
5
0 0
0.2 0.375
0.35 0.5
0.1 0.75
0 1
AddLut: C
22
0 0
0.041667 0.088977
0.083333 0.167638
0.125000 0.235395
0.166667 0.296362
0.208333 0.359009
0.250000 0.407284
0.291667 0.453199
0.333333 0.493685
0.375000 0.528351
0.416667 0.592415
0.458333 0.651623
0.500000 0.681794
0.541667 0.742354
0.583333 0.784790
0.625000 0.816796
0.666667 0.850265
0.708333 0.873510
0.750000 0.884950
0.791667 0.966983
0.833333 0.998659
0.875000 1.000000
AddLut: C
4
0 0
0 0.5
0.15 0.75
0.65 1
AddLut: c
22
0 0
0.041667 0.088977
0.083333 0.167638
0.125000 0.235395
0.166667 0.296362
0.208333 0.359009
0.250000 0.407284
0.291667 0.453199
0.333333 0.493685
0.375000 0.528351
0.416667 0.592415
0.458333 0.651623
0.500000 0.681794
0.541667 0.742354
0.583333 0.784790
0.625000 0.816796
0.666667 0.850265
0.708333 0.873510
0.750000 0.884950
0.791667 0.966983
0.833333 0.998659
0.875000 1.000000
AddLut: c
5
0 0
0.2 0.375
0.35 0.5
0.1 0.75
0 1
AddLut: M
23
0 0
0.041667 0.066179
0.083333 0.127506
0.125000 0.171801
0.166667 0.217173
0.208333 0.263159
0.250000 0.299030
0.291667 0.335471
0.333333 0.365411
0.375000 0.389305
0.416667 0.439855
0.458333 0.485691
0.500000 0.513796
0.541667 0.597812
0.583333 0.657433
0.625000 0.706738
0.666667 0.755192
0.708333 0.795656
0.750000 0.826408
0.791667 0.948840
0.833333 0.998498
0.875000 0.999740
0.916667 1.000000
AddLut: M
4
0 0
0 0.5
0.15 0.75
0.65 1
AddLut: m
23
0 0
0.041667 0.066179
0.083333 0.127506
0.125000 0.171801
0.166667 0.217173
0.208333 0.263159
0.250000 0.299030
0.291667 0.335471
0.333333 0.365411
0.375000 0.389305
0.416667 0.439855
0.458333 0.485691
0.500000 0.513796
0.541667 0.597812
0.583333 0.657433
0.625000 0.706738
0.666667 0.755192
0.708333 0.795656
0.750000 0.826408
0.791667 0.948840
0.833333 0.998498
0.875000 0.999740
0.916667 1.000000
AddLut: m
5
0 0
0.2 0.375
0.35 0.5
0.1 0.75
0 1
AddLut: Y
21
0 0
0.041667 0.082679
0.083333 0.173423
0.125000 0.251594
0.166667 0.336706
0.208333 0.407062
0.250000 0.459290
0.291667 0.522042
0.333333 0.577070
0.375000 0.636163
0.416667 0.683434
0.458333 0.726899
0.500000 0.761784
0.541667 0.789214
0.583333 0.810356
0.625000 0.852995
0.666667 0.869116
0.708333 0.900888
0.750000 0.925593
0.791667 0.989315
0.833333 1.000000
AddLut: Y
3
0 0
0.2 0.5
0.65 1
