%!PS
%%BoundingBox: -27.5 -27.5 51.6906 36.71318 
%%Creator: MetaPost
%%CreationDate: 1990.08.28:1027
%%Pages: 1
%%EndProlog
%%Page: 1 1
newpath 22.5 -0.5 moveto
24 -2 lineto
25 -2.5 lineto
26 -2 lineto
27 -1 lineto
27.5 0.5 lineto
27.5 7.13042 24.86609 13.48926 20.17767 18.17767 curveto
18.67767 19.67767 lineto
16.7597 21.59564 14.56218 23.16978 12.18088 24.36044 curveto
11.18088 24.86044 lineto
7.74117 26.58029 3.918 27.5 0 27.5 curveto
-3.918 27.5 -7.74117 26.58029 -11.18088 24.86044 curveto
-12.18088 24.36044 lineto
-14.56218 23.16978 -16.7597 21.59564 -18.67767 19.67767 curveto
-19.67767 18.67767 lineto
-22.44812 15.90723 -24.50117 12.55353 -25.71729 8.90517 curveto
-26.21729 7.40517 lineto
-27.0592 4.87941 -27.5 2.21243 -27.5 -0.5 curveto
-27.5 -7.13042 -24.86609 -13.48926 -20.17767 -18.17767 curveto
-18.67767 -19.67767 lineto
-16.7597 -21.59564 -14.56218 -23.16978 -12.18088 -24.36044 curveto
-11.18088 -24.86044 lineto
-7.74117 -26.58029 -3.918 -27.5 0 -27.5 curveto
3.918 -27.5 7.74117 -26.58029 11.18088 -24.86044 curveto
12.18088 -24.36044 lineto
14.56218 -23.16978 16.7597 -21.59564 18.67767 -19.67767 curveto
19.67767 -18.67767 lineto
22.44812 -15.90723 24.50117 -12.55353 25.71729 -8.90517 curveto
26.21729 -7.40517 lineto
27.0592 -4.87941 27.5 -2.21243 27.5 0.5 curveto
26 2 lineto
25 2.5 lineto
24 2 lineto
23 1 lineto
22.5 -0.5 lineto
22.5 -3.21243 22.0592 -5.87941 21.21729 -8.40517 curveto
21.71729 -6.90517 lineto
20.50117 -10.55353 18.44812 -13.90723 15.67767 -16.67767 curveto
16.67767 -15.67767 lineto
14.7597 -17.59564 12.56218 -19.16978 10.18088 -20.36044 curveto
11.18088 -19.86044 lineto
7.74117 -21.58029 3.918 -22.5 0 -22.5 curveto
-3.918 -22.5 -7.74117 -21.58029 -11.18088 -19.86044 curveto
-10.18088 -20.36044 lineto
-12.56218 -19.16978 -14.7597 -17.59564 -16.67767 -15.67767 curveto
-15.17767 -17.17767 lineto
-19.86609 -12.48926 -22.5 -6.13042 -22.5 0.5 curveto
-22.5 3.21243 -22.0592 5.87941 -21.21729 8.40517 curveto
-21.71729 6.90517 lineto
-20.50117 10.55353 -18.44812 13.90723 -15.67767 16.67767 curveto
-16.67767 15.67767 lineto
-14.7597 17.59564 -12.56218 19.16978 -10.18088 20.36044 curveto
-11.18088 19.86044 lineto
-7.74117 21.58029 -3.918 22.5 0 22.5 curveto
3.918 22.5 7.74117 21.58029 11.18088 19.86044 curveto
10.18088 20.36044 lineto
12.56218 19.16978 14.7597 17.59564 16.67767 15.67767 curveto
15.17767 17.17767 lineto
19.86609 12.48926 22.5 6.13042 22.5 -0.5 curveto closepath fill
 1 setlinewidth [1.41422 0.7071 ] 0.7071 setdash 1 setlinecap
 1 setlinejoin 1 setmiterlimit
gsave
newpath 0 0 moveto
-48.28429 48.28426 78.28429 48.28426 30 0 curveto
2 1 scale stroke grestore
 [2 1 ] 1 setdash
gsave
newpath 0 0 moveto
-48.28429 48.28426 78.28429 48.28426 30 0 curveto stroke grestore
gsave
newpath 10 0 moveto
-38.28429 48.28426 88.28429 48.28426 40 0 curveto stroke grestore
showpage
%%Trailer
