%!PS-Adobe-2.0
%%BoundingBox: -4095.49998 -101.96362 4095.49998 261 
%%Creator: MetaPost
%%CreationDate: 1990.08.28:1027
%%Pages: 1
%%EndProlog
%%Page: 1 1
bye
 0 setlinewidth [3 0 ] 0 setdash 0 setlinecap 0 setlinejoin
 1 setmiterlimit
gsave
newpath 0.5 0 moveto
3.5 1.5 lineto stroke grestore
 [] 0 setdash
gsave
newpath 0 0 moveto
0.3153 0.20053 0.6504 0.36807 1 0.5 curveto
2.29114 0.98723 3.72412 0.97192 5 1.5 curveto
5.68967 1.78545 6.30771 2.22081 7 2.5 curveto
8.58867 3.1407 10.3946 2.90645 12 3.5 curveto
12.3506 3.62962 12.68594 3.7973 13 4 curveto stroke grestore
newpath -1 -2 moveto
-0.95676 -2.04068 -0.91165 -2.07198 -0.86496 -2.09532 curveto
0.13504 -2.59532 lineto
0.64822 -2.8519 1.35178 -2.14809 1.86496 -2.40468 curveto
0.86496 -1.90468 lineto
0.91165 -1.92802 0.95676 -1.95932 1 -2 curveto
1.02066 -2.02003 lineto
-0.47934 -0.52003 lineto
-0.2602 -0.73918 -0.22404 -0.99583 -0.2977 -1.21681 curveto
0.2023 0.28319 lineto
0.16501 0.17131 0.09958 0.06859 0.01549 -0.0155 curveto
1.01549 0.9845 lineto
0.95589 0.9249 0.88692 0.87466 0.81195 0.83719 curveto
1.81195 1.33719 lineto
1.63397 1.2482 1.42226 1.23111 1.22209 1.33119 curveto
2.22209 0.83119 lineto
2.15273 0.86588 2.08475 0.91461 2.02003 0.97932 curveto
3.52003 -0.52068 lineto
3.5 -0.5 lineto
3.28389 -0.27028 3.33284 0.012 3.43013 0.30383 curveto
2.93013 -1.19617 lineto
2.97351 -1.06602 3.0265 -0.93398 3.06989 -0.80383 curveto
3.56989 0.69617 lineto
3.66716 0.988 3.71611 1.27028 3.5 1.5 curveto
3.47997 1.52066 lineto
1.97997 3.02066 lineto
1.91525 3.08537 1.84727 3.13412 1.77791 3.16881 curveto
0.77791 3.66881 lineto
0.57773 3.76889 0.36601 3.7518 0.18803 3.66281 curveto
-0.81197 3.16281 lineto
-0.88693 3.12534 -0.9559 3.0751 -1.0155 3.0155 curveto
-2.0155 2.0155 lineto
-2.09958 1.93141 -2.16502 1.82869 -2.20232 1.71681 curveto
-2.70232 0.21681 lineto
-2.77597 -0.00417 -2.7398 -0.2608 -2.52066 -0.47997 curveto
-1.02066 -1.97997 lineto
 closepath fill
newpath 1 2 moveto
0.97934 2.02003 lineto
2.47934 0.52003 lineto
2.2602 0.73918 2.22404 0.99583 2.2977 1.21681 curveto
1.7977 -0.28319 lineto
1.83499 -0.17131 1.90042 -0.06859 1.98451 0.0155 curveto
0.98451 -0.9845 lineto
1.04411 -0.9249 1.11308 -0.87466 1.18805 -0.83719 curveto
0.18805 -1.33719 lineto
0.36603 -1.2482 0.57774 -1.23111 0.77791 -1.33119 curveto
-0.22209 -0.83119 lineto
-0.15273 -0.86588 -0.08475 -0.91461 -0.02003 -0.97932 curveto
-1.52003 0.52068 lineto
-1.5 0.5 lineto
-1.28389 0.27028 -1.33284 -0.012 -1.43013 -0.30383 curveto
-0.93013 1.19617 lineto
-0.97351 1.06602 -1.0265 0.93398 -1.06989 0.80383 curveto
-1.56989 -0.69617 lineto
-1.66716 -0.988 -1.71611 -1.27028 -1.5 -1.5 curveto
-1.47997 -1.52066 lineto
0.02003 -3.02066 lineto
0.08475 -3.08537 0.15273 -3.13412 0.22209 -3.16881 curveto
1.22209 -3.66881 lineto
1.42227 -3.76889 1.63399 -3.7518 1.81197 -3.66281 curveto
2.81197 -3.16281 lineto
2.88693 -3.12534 2.9559 -3.0751 3.0155 -3.0155 curveto
4.0155 -2.0155 lineto
4.09958 -1.93141 4.16502 -1.82869 4.20232 -1.71681 curveto
4.70232 -0.21681 lineto
4.77597 0.00417 4.7398 0.2608 4.52066 0.47997 curveto
3.02066 1.97997 lineto
3 2 lineto
2.95676 2.04068 2.91165 2.07198 2.86496 2.09532 curveto
1.86496 2.59532 lineto
1.35178 2.8519 0.64822 2.14809 0.13504 2.40468 curveto
1.13504 1.90468 lineto
1.08835 1.92802 1.04324 1.95932 1 2 curveto closepath fill
newpath -1 2 moveto
1 -2 lineto
1.17854 -1.82146 1.38548 -1.68822 1.60698 -1.57747 curveto
0.60698 -2.07747 lineto
1.04999 -1.85596 1.55122 -1.72438 1.99995 -1.5 curveto
2.99995 -1 lineto
3 -1 lineto
1 3 lineto
0.99995 3 lineto
1.99995 3.5 lineto
1.55122 3.27562 1.05 3.14404 0.607 2.92253 curveto
-0.393 2.42253 lineto
-0.6145 2.31178 -0.82144 2.17856 -1 2 curveto closepath fill
gsave
newpath -0.5 -0.5 moveto
0.05229 -0.5 -0.05229 0.5 0.5 0.5 curveto stroke grestore
 1 setlinewidth
gsave
newpath -4094.99998 0 moveto
4094.99998 -0.00002 lineto stroke grestore
 0 setlinewidth [3 0 ] 0 setdash
gsave
newpath 0.5 257 moveto
3.5 258.5 lineto stroke grestore
 [] 0 setdash
gsave
newpath 0 257 moveto
0.3153 257.20053 0.6504 257.36807 1 257.5 curveto
2.29114 257.98723 3.72412 257.97192 5 258.5 curveto
5.68967 258.78545 6.30771 259.22081 7 259.5 curveto
8.58867 260.1407 10.3946 259.90645 12 260.5 curveto
12.3506 260.62962 12.68594 260.7973 13 261 curveto stroke grestore
newpath -1 255 moveto
-0.95676 254.95932 -0.91165 254.92802 -0.86496 254.90468 curveto
0.13504 254.40468 lineto
0.64822 254.1481 1.35178 254.85191 1.86496 254.59532 curveto
0.86496 255.09532 lineto
0.91165 255.07198 0.95676 255.04068 1 255 curveto
1.02066 254.97997 lineto
-0.47934 256.47997 lineto
-0.2602 256.26082 -0.22404 256.00417 -0.2977 255.78319 curveto
0.2023 257.28319 lineto
0.16501 257.17131 0.09958 257.06859 0.01549 256.9845 curveto
1.01549 257.9845 lineto
0.95589 257.9249 0.88692 257.87466 0.81195 257.83719 curveto
1.81195 258.33719 lineto
1.63397 258.2482 1.42226 258.23111 1.22209 258.33119 curveto
2.22209 257.83119 lineto
2.15273 257.86588 2.08475 257.91461 2.02003 257.97932 curveto
3.52003 256.47932 lineto
3.5 256.5 lineto
3.28389 256.72972 3.33284 257.012 3.43013 257.30383 curveto
2.93013 255.80383 lineto
2.97351 255.93398 3.0265 256.06602 3.06989 256.19617 curveto
3.56989 257.69617 lineto
3.66716 257.988 3.71611 258.27028 3.5 258.5 curveto
3.47997 258.52066 lineto
1.97997 260.02066 lineto
1.91525 260.08537 1.84727 260.13412 1.77791 260.16881 curveto
0.77791 260.66881 lineto
0.57773 260.76889 0.36601 260.7518 0.18803 260.66281 curveto
-0.81197 260.16281 lineto
-0.88693 260.12534 -0.9559 260.0751 -1.0155 260.0155 curveto
-2.0155 259.0155 lineto
-2.09958 258.93141 -2.16502 258.82869 -2.20232 258.71681 curveto
-2.70232 257.21681 lineto
-2.77597 256.99583 -2.7398 256.7392 -2.52066 256.52003 curveto
-1.02066 255.02003 lineto
 closepath fill
newpath 1 259 moveto
0.97934 259.02003 lineto
2.47934 257.52003 lineto
2.2602 257.73918 2.22404 257.99583 2.2977 258.21681 curveto
1.7977 256.71681 lineto
1.83499 256.82869 1.90042 256.93141 1.98451 257.0155 curveto
0.98451 256.0155 lineto
1.04411 256.0751 1.11308 256.12534 1.18805 256.16281 curveto
0.18805 255.66281 lineto
0.36603 255.7518 0.57774 255.76889 0.77791 255.66881 curveto
-0.22209 256.16881 lineto
-0.15273 256.13412 -0.08475 256.08539 -0.02003 256.02068 curveto
-1.52003 257.52068 lineto
-1.5 257.5 lineto
-1.28389 257.27028 -1.33284 256.988 -1.43013 256.69617 curveto
-0.93013 258.19617 lineto
-0.97351 258.06602 -1.0265 257.93398 -1.06989 257.80383 curveto
-1.56989 256.30383 lineto
-1.66716 256.012 -1.71611 255.72972 -1.5 255.5 curveto
-1.47997 255.47934 lineto
0.02003 253.97934 lineto
0.08475 253.91463 0.15273 253.86588 0.22209 253.83119 curveto
1.22209 253.33119 lineto
1.42227 253.23111 1.63399 253.2482 1.81197 253.33719 curveto
2.81197 253.83719 lineto
2.88693 253.87466 2.9559 253.9249 3.0155 253.9845 curveto
4.0155 254.9845 lineto
4.09958 255.06859 4.16502 255.17131 4.20232 255.28319 curveto
4.70232 256.78319 lineto
4.77597 257.00417 4.7398 257.2608 4.52066 257.47997 curveto
3.02066 258.97997 lineto
3 259 lineto
2.95676 259.04068 2.91165 259.07198 2.86496 259.09532 curveto
1.86496 259.59532 lineto
1.35178 259.8519 0.64822 259.14809 0.13504 259.40468 curveto
1.13504 258.90468 lineto
1.08835 258.92802 1.04324 258.95932 1 259 curveto closepath fill
newpath -1 259 moveto
1 255 lineto
1.17854 255.17854 1.38548 255.31178 1.60698 255.42253 curveto
0.60698 254.92253 lineto
1.04999 255.14404 1.55122 255.27562 1.99995 255.5 curveto
2.99995 256 lineto
3 256 lineto
1 260 lineto
0.99995 260 lineto
1.99995 260.5 lineto
1.55122 260.27562 1.05 260.14404 0.607 259.92253 curveto
-0.393 259.42253 lineto
-0.6145 259.31178 -0.82144 259.17856 -1 259 curveto closepath fill
gsave
newpath -0.5 256.5 moveto
0.05229 256.5 -0.05229 257.5 0.5 257.5 curveto stroke grestore
 1 setlinewidth
gsave
newpath -4094.99998 257 moveto
4094.99998 256.99998 lineto stroke grestore
newpath 0 -100 moveto
-36.92659 -103.51175 136.98943 -101.7726 100 -99 curveto
99.9889 -98.99916 0.01108 -99.99895 0 -100 curveto closepath fill
showpage
%%Trailer
