0 0 0 0
1 1 1 1
2 2 2 2
3 2 2 2
4 3 3 3
5 3 3 3
6 4 4 4
7 4 4 4
8 5 5 5
9 5 5 5
10 6 6 6
11 6 6 6
12 7 7 7
13 7 7 7
14 8 8 8
15 8 8 8
16 9 9 9
17 9 9 9
18 10 10 10
19 10 10 10
20 11 11 11
21 11 11 11
22 12 12 12
23 12 12 12
24 13 13 13
25 13 13 13
26 14 14 14
27 14 14 14
28 14 14 14
29 15 15 15
30 16 16 16
31 16 16 16
32 17 17 17
33 17 17 17
34 18 18 18
35 18 18 18
36 19 19 19
37 19 19 19
38 20 20 20
39 21 21 21
40 21 21 21
41 21 21 21
42 22 22 22
43 22 22 22
44 23 23 23
45 23 23 23
46 24 24 24
47 24 24 24
48 25 25 25
49 26 26 26
50 26 26 26
51 27 27 27
52 27 27 27
53 28 28 28
54 28 28 28
55 28 28 28
56 29 29 29
57 29 29 29
58 30 30 30
59 31 31 31
60 31 31 31
61 32 32 32
62 32 32 32
63 32 32 32
64 33 33 33
65 33 33 33
66 34 34 34
67 34 34 34
68 35 35 35
69 35 35 35
70 36 36 36
71 36 36 36
72 37 37 37
73 37 37 37
74 38 38 38
75 38 38 38
76 39 39 39
77 40 40 40
78 40 40 40
79 40 40 40
80 41 41 41
81 41 41 41
82 42 42 42
83 42 42 42
84 43 43 43
85 43 43 43
86 44 44 44
87 44 44 44
88 45 45 45
89 46 46 46
90 46 46 46
91 46 46 46
92 47 47 47
93 47 47 47
94 48 48 48
95 48 48 48
96 48 48 48
97 49 49 49
98 50 50 50
99 50 50 50
100 51 51 51
101 51 51 51
102 51 51 51
103 52 52 52
104 52 52 52
105 53 53 53
106 53 53 53
107 54 54 54
108 54 54 54
109 55 55 55
110 55 55 55
111 55 55 55
112 56 56 56
113 57 57 57
114 57 57 57
115 57 57 57
116 58 58 58
117 58 58 58
118 59 59 59
119 59 59 59
120 60 60 60
121 60 60 60
122 61 61 61
123 61 61 61
124 61 61 61
125 62 62 62
126 63 63 63
127 63 63 63
128 63 63 63
129 64 64 64
130 65 65 65
131 65 65 65
132 65 65 65
133 66 66 66
134 67 67 67
135 67 67 67
136 67 67 67
137 68 68 68
138 68 68 68
139 68 68 68
140 69 69 69
141 70 70 70
142 70 70 70
143 70 70 70
144 71 71 71
145 72 72 72
146 72 72 72
147 72 72 72
148 73 73 73
149 73 73 73
150 74 74 74
151 74 74 74
152 74 74 74
153 75 75 75
154 75 75 75
155 76 76 76
156 76 76 76
157 76 76 76
158 77 77 77
159 78 78 78
160 79 79 79
161 79 79 79
162 79 79 79
163 80 80 80
164 80 80 80
165 81 81 81
166 81 81 81
167 82 82 82
168 82 82 82
169 83 83 83
170 84 84 84
171 84 84 84
172 84 84 84
173 85 85 85
174 86 86 86
175 86 86 86
176 87 87 87
177 87 87 87
178 88 88 88
179 88 88 88
180 89 89 89
181 90 90 90
182 90 90 90
183 90 90 90
184 91 91 91
185 92 92 92
186 93 93 93
187 93 93 93
188 93 93 93
189 94 94 94
190 95 95 95
191 96 96 96
192 96 96 96
193 97 97 97
194 97 97 97
195 98 98 98
196 100 100 100
197 100 100 100
198 101 101 101
199 101 101 101
200 102 102 102
201 103 103 103
202 104 104 104
203 105 105 105
204 105 105 105
205 106 106 106
206 107 107 107
207 107 107 107
208 108 108 108
209 109 109 109
210 110 110 110
211 111 111 111
212 112 112 112
213 113 113 113
214 114 114 114
215 115 115 115
216 116 116 116
217 117 117 117
218 118 118 118
219 119 119 119
220 120 120 120
221 121 121 121
222 122 122 122
223 123 123 123
224 124 124 124
225 125 125 125
226 126 126 126
227 127 127 127
228 129 129 129
229 129 129 129
230 131 131 131
231 132 132 132
232 133 133 133
233 134 134 134
234 135 135 135
235 137 137 137
236 138 138 138
237 140 140 140
238 142 142 142
239 144 144 144
240 145 145 145
241 147 147 147
242 149 149 149
243 150 150 150
244 152 152 152
245 155 155 155
246 157 157 157
247 159 159 159
248 162 162 162
249 166 166 166
250 170 170 170
251 175 175 175
252 183 183 183
253 197 197 197
254 230 230 230
255 255 255 255
