0 0 0 0
1 0 0 85
2 0 0 170
3 0 0 255
4 0 36 0
5 0 36 85
6 0 36 170
7 0 36 255
8 0 73 0
9 0 73 85
10 0 73 170
11 0 73 255
12 0 109 0
13 0 109 85
14 0 109 170
15 0 109 255
16 0 146 0
17 0 146 85
18 0 146 170
19 0 146 255
20 0 182 0
21 0 182 85
22 0 182 170
23 0 182 255
24 0 219 0
25 0 219 85
26 0 219 170
27 0 219 255
28 0 255 0
29 0 255 85
30 0 255 170
31 0 255 255
32 36 0 0
33 36 0 85
34 36 0 170
35 36 0 255
36 36 36 0
37 36 36 85
38 36 36 170
39 36 36 255
40 36 73 0
41 36 73 85
42 36 73 170
43 36 73 255
44 36 109 0
45 36 109 85
46 36 109 170
47 36 109 255
48 36 146 0
49 36 146 85
50 36 146 170
51 36 146 255
52 36 182 0
53 36 182 85
54 36 182 170
55 36 182 255
56 36 219 0
57 36 219 85
58 36 219 170
59 36 219 255
60 36 255 0
61 36 255 85
62 36 255 170
63 36 255 255
64 73 0 0
65 73 0 85
66 73 0 170
67 73 0 255
68 73 36 0
69 73 36 85
70 73 36 170
71 73 36 255
72 73 73 0
73 73 73 85
74 73 73 170
75 73 73 255
76 73 109 0
77 73 109 85
78 73 109 170
79 73 109 255
80 73 146 0
81 73 146 85
82 73 146 170
83 73 146 255
84 73 182 0
85 85 85 85
86 73 182 170
87 73 182 255
88 73 219 0
89 73 219 85
90 73 219 170
91 73 219 255
92 73 255 0
93 73 255 85
94 73 255 170
95 73 255 255
96 109 0 0
97 109 0 85
98 109 0 170
99 109 0 255
100 109 36 0
101 109 36 85
102 109 36 170
103 109 36 255
104 109 73 0
105 109 73 85
106 109 73 170
107 109 73 255
108 109 109 0
109 109 109 85
110 109 109 170
111 109 109 255
112 109 146 0
113 109 146 85
114 109 146 170
115 109 146 255
116 109 182 0
117 109 182 85
118 109 182 170
119 109 182 255
120 109 219 0
121 109 219 85
122 109 219 170
123 109 219 255
124 109 255 0
125 109 255 85
126 109 255 170
127 109 255 255
128 146 0 0
129 146 0 85
130 146 0 170
131 146 0 255
132 146 36 0
133 146 36 85
134 146 36 170
135 146 36 255
136 146 73 0
137 146 73 85
138 146 73 170
139 146 73 255
140 146 109 0
141 146 109 85
142 146 109 170
143 146 109 255
144 146 146 0
145 146 146 85
146 146 146 170
147 146 146 255
148 146 182 0
149 146 182 85
150 146 182 170
151 146 182 255
152 146 219 0
153 146 219 85
154 146 219 170
155 146 219 255
156 146 255 0
157 146 255 85
158 146 255 170
159 146 255 255
160 182 0 0
161 182 0 85
162 182 0 170
163 182 0 255
164 182 36 0
165 182 36 85
166 182 36 170
167 182 36 255
168 182 73 0
169 182 73 85
170 170 170 170
171 182 73 255
172 182 109 0
173 182 109 85
174 182 109 170
175 182 109 255
176 182 146 0
177 182 146 85
178 182 146 170
179 182 146 255
180 182 182 0
181 182 182 85
182 182 182 170
183 182 182 255
184 182 219 0
185 182 219 85
186 182 219 170
187 182 219 255
188 182 255 0
189 182 255 85
190 182 255 170
191 182 255 255
192 219 0 0
193 219 0 85
194 219 0 170
195 219 0 255
196 219 36 0
197 219 36 85
198 219 36 170
199 219 36 255
200 219 73 0
201 219 73 85
202 219 73 170
203 219 73 255
204 219 109 0
205 219 109 85
206 219 109 170
207 219 109 255
208 219 146 0
209 219 146 85
210 219 146 170
211 219 146 255
212 219 182 0
213 219 182 85
214 219 182 170
215 219 182 255
216 219 219 0
217 219 219 85
218 219 219 170
219 219 219 255
220 219 255 0
221 219 255 85
222 219 255 170
223 219 255 255
224 255 0 0
225 255 0 85
226 255 0 170
227 255 0 255
228 255 36 0
229 255 36 85
230 255 36 170
231 255 36 255
232 255 73 0
233 255 73 85
234 255 73 170
235 255 73 255
236 255 109 0
237 255 109 85
238 255 109 170
239 255 109 255
240 255 146 0
241 255 146 85
242 255 146 170
243 255 146 255
244 255 182 0
245 255 182 85
246 255 182 170
247 255 182 255
248 255 219 0
249 255 219 85
250 255 219 170
251 255 219 255
252 255 255 0
253 255 255 85
254 255 255 170
255 255 255 255
