0 0 0 1
1 0 0 4
2 0 0 7
3 0 0 10
4 0 0 13
5 0 0 16
6 0 0 19
7 0 0 22
8 0 0 25
9 0 0 28
10 0 0 31
11 0 0 34
12 0 0 37
13 0 0 40
14 0 0 43
15 0 0 46
16 0 0 49
17 0 0 52
18 0 0 55
19 0 0 58
20 0 0 61
21 0 0 64
22 0 0 67
23 0 0 70
24 0 0 73
25 0 0 76
26 0 0 79
27 0 0 82
28 0 0 85
29 0 0 88
30 0 0 91
31 0 0 94
32 0 0 97
33 0 0 100
34 0 0 103
35 0 0 106
36 0 0 109
37 0 0 112
38 0 0 115
39 0 0 118
40 0 0 121
41 0 0 124
42 0 0 127
43 0 0 130
44 0 0 133
45 0 0 136
46 0 0 139
47 0 0 142
48 0 0 145
49 0 0 148
50 0 0 151
51 0 0 154
52 0 0 157
53 0 0 160
54 0 0 163
55 0 0 166
56 0 0 169
57 0 0 172
58 0 0 175
59 0 0 178
60 0 0 181
61 0 0 184
62 0 0 187
63 0 0 190
64 0 0 193
65 0 0 196
66 0 0 199
67 0 0 202
68 0 0 205
69 0 0 208
70 0 0 211
71 0 0 214
72 0 0 217
73 0 0 220
74 0 0 223
75 0 0 226
76 0 0 229
77 0 0 232
78 0 0 235
79 0 0 238
80 0 0 241
81 0 0 244
82 0 0 247
83 0 0 250
84 0 0 253
85 0 0 255
86 0 3 255
87 0 6 255
88 0 9 255
89 0 12 255
90 0 15 255
91 0 18 255
92 0 21 255
93 0 24 255
94 0 27 255
95 0 30 255
96 0 33 255
97 0 36 255
98 0 39 255
99 0 42 255
100 0 45 255
101 0 48 255
102 0 51 255
103 0 54 255
104 0 57 255
105 0 60 255
106 0 63 255
107 0 66 255
108 0 69 255
109 0 72 255
110 0 75 255
111 0 78 255
112 0 81 255
113 0 84 255
114 0 87 255
115 0 90 255
116 0 93 255
117 0 96 255
118 0 99 255
119 0 102 255
120 0 105 255
121 0 108 255
122 0 111 255
123 0 114 255
124 0 117 255
125 0 120 255
126 0 123 255
127 0 126 255
128 0 129 255
129 0 132 255
130 0 135 255
131 0 138 255
132 0 141 255
133 0 144 255
134 0 147 255
135 0 150 255
136 0 153 255
137 0 156 255
138 0 159 255
139 0 162 255
140 0 165 255
141 0 168 255
142 0 171 255
143 0 174 255
144 0 177 255
145 0 180 255
146 0 183 255
147 0 186 255
148 0 189 255
149 0 192 255
150 0 195 255
151 0 198 255
152 0 201 255
153 0 204 255
154 0 207 255
155 0 210 255
156 0 213 255
157 0 216 255
158 0 219 255
159 0 222 255
160 0 225 255
161 0 228 255
162 0 231 255
163 0 234 255
164 0 237 255
165 0 240 255
166 0 243 255
167 0 246 255
168 0 249 255
169 0 252 255
170 0 255 255
171 0 255 255
172 0 255 255
173 0 255 255
174 0 255 255
175 0 255 255
176 0 255 255
177 0 255 255
178 2 255 255
179 5 255 255
180 8 255 255
181 11 255 255
182 14 255 255
183 17 255 255
184 20 255 255
185 23 255 255
186 26 255 255
187 29 255 255
188 32 255 255
189 35 255 255
190 38 255 255
191 41 255 255
192 44 255 255
193 47 255 255
194 50 255 255
195 53 255 255
196 56 255 255
197 59 255 255
198 62 255 255
199 65 255 255
200 68 255 255
201 71 255 255
202 74 255 255
203 77 255 255
204 80 255 255
205 83 255 255
206 86 255 255
207 89 255 255
208 92 255 255
209 95 255 255
210 98 255 255
211 101 255 255
212 104 255 255
213 107 255 255
214 110 255 255
215 113 255 255
216 116 255 255
217 119 255 255
218 122 255 255
219 125 255 255
220 128 255 255
221 131 255 255
222 134 255 255
223 137 255 255
224 140 255 255
225 143 255 255
226 146 255 255
227 149 255 255
228 152 255 255
229 155 255 255
230 158 255 255
231 161 255 255
232 164 255 255
233 167 255 255
234 170 255 255
235 173 255 255
236 176 255 255
237 179 255 255
238 182 255 255
239 185 255 255
240 188 255 255
241 191 255 255
242 194 255 255
243 197 255 255
244 200 255 255
245 203 255 255
246 206 255 255
247 209 255 255
248 212 255 255
249 215 255 255
250 218 255 255
251 221 255 255
252 224 255 255
253 227 255 255
254 230 255 255
255 233 255 255
