0 107 220 235
1 110 218 234
2 113 217 233
3 116 216 232
4 119 215 232
5 126 213 217
6 133 212 203
7 140 210 189
8 146 209 175
9 153 207 161
10 160 206 147
11 167 204 133
12 173 203 119
13 180 201 105
14 187 200 91
15 194 198 77
16 200 197 63
17 207 195 49
18 214 194 35
19 221 192 21
20 227 191 7
21 223 195 6
22 219 198 6
23 215 201 5
24 211 204 5
25 207 207 4
26 203 210 4
27 199 213 3
28 196 216 3
29 192 219 3
30 188 222 2
31 184 225 2
32 180 228 1
33 176 231 1
34 172 234 0
35 168 237 0
36 165 240 0
37 167 232 16
38 168 224 31
39 170 216 47
40 171 208 62
41 173 200 78
42 174 192 93
43 176 184 109
44 177 177 124
45 179 169 140
46 180 161 155
47 182 153 171
48 183 145 186
49 185 137 202
50 186 129 217
51 188 121 233
52 189 114 248
53 185 123 249
54 181 131 249
55 177 140 249
56 173 148 249
57 169 157 249
58 165 165 249
59 161 174 249
60 157 182 249
61 153 191 249
62 149 199 249
63 145 208 249
64 141 216 249
65 137 225 249
66 133 233 249
67 129 242 249
68 125 250 249
69 117 242 247
70 109 235 246
71 102 228 245
72 94 221 243
73 87 213 242
74 79 206 241
75 72 199 239
76 64 192 238
77 56 184 237
78 49 177 235
79 41 170 234
80 34 163 233
81 26 155 231
82 19 148 230
83 11 141 229
84 4 134 228
85 10 134 227
86 16 134 226
87 22 134 225
88 28 134 224
89 34 134 223
90 39 134 222
91 45 134 221
92 51 134 221
93 57 134 220
94 63 134 219
95 68 134 218
96 74 134 217
97 80 134 216
98 86 134 215
99 92 134 214
100 97 134 214
101 95 132 213
102 93 131 212
103 91 129 211
104 89 128 210
105 87 127 209
106 85 125 208
107 83 124 207
108 81 123 206
109 79 121 205
110 77 120 204
111 75 118 203
112 73 117 202
113 71 116 201
114 69 114 200
115 67 113 199
116 66 112 198
117 70 116 201
118 73 120 204
119 77 123 207
120 80 127 210
121 84 131 213
122 87 134 216
123 91 138 219
124 94 141 222
125 98 145 225
126 101 149 228
127 105 152 231
128 105 156 234
129 108 160 237
130 112 163 240
131 115 167 243
132 119 170 246
133 122 162 239
134 130 155 232
135 138 148 226
136 145 141 219
137 153 133 213
138 161 126 206
139 168 119 200
140 176 112 193
141 183 104 186
142 191 97 180
143 199 90 173
144 206 83 167
145 214 75 160
146 222 68 154
147 229 61 147
148 237 54 141
149 244 66 134
150 236 78 127
151 229 90 121
152 222 102 114
153 215 114 107
154 208 126 101
155 201 138 94
156 194 150 88
157 187 162 81
158 179 174 74
159 172 186 68
160 165 198 61
161 158 210 54
162 151 222 48
163 144 234 41
164 137 246 35
165 130 239 45
166 132 233 55
167 133 227 65
168 134 221 74
169 135 215 84
170 136 208 94
171 137 202 104
172 138 196 113
173 139 190 123
174 140 184 133
175 141 177 143
176 142 171 152
177 143 165 162
178 144 159 172
179 145 153 182
180 146 147 191
181 147 150 188
182 142 152 185
183 138 154 182
184 133 156 179
185 129 158 176
186 124 161 173
187 120 163 170
188 115 165 167
189 111 167 164
190 106 169 161
191 102 172 158
192 97 174 155
193 93 176 152
194 88 178 149
195 84 180 146
196 79 182 143
197 75 171 149
198 70 160 154
199 65 149 159
200 61 139 164
201 56 128 169
202 51 117 175
203 47 107 180
204 42 96 185
205 38 85 190
206 33 75 195
207 28 64 201
208 24 53 206
209 19 43 211
210 14 32 216
211 10 21 221
212 5 11 226
213 1 19 220
214 2 26 214
215 3 34 208
216 3 41 203
217 4 49 197
218 4 56 191
219 5 64 185
220 5 71 180
221 6 79 174
222 7 86 168
223 7 94 162
224 8 101 157
225 8 109 151
226 9 116 145
227 9 124 139
228 10 131 134
229 10 128 133
230 19 126 132
231 27 124 131
232 35 122 130
233 44 120 129
234 52 117 128
235 60 115 127
236 69 113 126
237 77 111 125
238 85 109 124
239 94 106 123
240 102 104 122
241 110 102 121
242 119 100 120
243 127 98 119
244 135 96 118
245 143 103 117
246 141 110 116
247 139 117 115
248 137 123 114
249 136 130 113
250 134 137 112
251 132 143 111
252 130 150 110
253 129 157 109
254 127 163 108
255 255 255 255
