0 0 195 220
1 1 191 219
2 2 187 216
3 3 183 213
4 4 180 212
5 5 173 181
6 6 168 149
7 7 158 113
8 8 151 74
9 9 140 28
10 40 144 10
11 79 153 11
12 108 162 12
13 134 168 13
14 155 174 14
15 173 178 15
16 186 182 16
17 199 185 17
18 211 189 18
19 220 191 19
20 229 194 20
21 225 199 21
22 222 201 22
23 218 205 23
24 215 208 24
25 211 211 25
26 208 214 26
27 204 217 27
28 202 220 28
29 198 223 29
30 195 225 30
31 192 228 31
32 189 231 32
33 186 234 33
34 183 237 34
35 180 240 35
36 178 243 36
37 175 234 37
38 171 225 38
39 167 215 39
40 161 202 40
41 156 188 41
42 148 172 42
43 140 152 43
44 130 130 44
45 116 98 45
46 98 59 46
47 106 47 84
48 120 48 126
49 133 49 163
50 143 50 194
51 153 51 222
52 160 52 245
53 148 53 246
54 135 54 245
55 119 55 245
56 103 56 244
57 82 57 243
58 58 58 242
59 59 86 242
60 60 110 243
61 61 133 244
62 62 153 244
63 63 173 245
64 64 190 245
65 65 207 246
66 66 221 246
67 67 235 246
68 68 248 246
69 69 238 245
70 70 230 244
71 71 222 243
72 72 216 241
73 73 210 241
74 74 204 241
75 75 199 239
76 76 196 239
77 77 191 239
78 78 188 238
79 79 185 238
80 80 182 238
81 81 179 237
82 82 176 237
83 83 175 237
84 84 172 237
85 85 171 235
86 86 170 235
87 87 168 234
88 88 166 233
89 89 164 231
90 90 163 230
91 91 160 228
92 92 158 228
93 93 156 226
94 94 154 225
95 95 152 223
96 96 149 222
97 97 146 220
98 98 143 218
99 99 139 216
100 100 136 215
101 101 137 215
102 102 138 215
103 103 138 214
104 104 140 214
105 105 141 214
106 106 141 214
107 107 142 214
108 108 144 214
109 109 144 214
110 110 145 213
111 111 146 214
112 112 147 213
113 113 148 214
114 114 148 213
115 115 149 214
116 116 150 214
117 117 151 215
118 118 154 217
119 119 155 219
120 120 157 221
121 121 158 222
122 122 159 224
123 123 161 227
124 124 162 228
125 125 164 231
126 126 166 233
127 127 168 235
128 128 171 238
129 129 174 240
130 130 175 242
131 131 177 245
132 132 178 247
133 133 170 241
134 134 158 233
135 135 145 225
136 141 136 218
137 157 137 215
138 170 138 211
139 181 139 208
140 192 140 205
141 201 141 203
142 209 142 202
143 217 143 200
144 224 144 199
145 230 145 197
146 236 146 196
147 241 147 195
148 246 148 195
149 249 149 187
150 244 150 179
151 239 151 171
152 233 152 160
153 228 158 153
154 225 171 154
155 222 183 155
156 219 193 156
157 217 203 157
158 214 212 158
159 212 220 159
160 211 228 160
161 210 234 161
162 208 241 162
163 208 246 163
164 207 252 164
165 202 248 165
166 201 245 166
167 199 242 167
168 197 239 168
169 195 235 169
170 192 230 170
171 190 226 171
172 187 221 172
173 183 215 173
174 179 208 174
175 175 201 177
176 176 197 183
177 177 193 191
178 178 189 198
179 179 185 205
180 180 181 211
181 181 183 209
182 182 189 210
183 183 193 210
184 184 198 211
185 185 202 212
186 186 206 212
187 187 209 213
188 188 212 213
189 189 215 214
190 190 218 214
191 191 221 215
192 192 223 216
193 193 225 216
194 194 227 217
195 195 229 217
196 196 231 218
197 197 228 221
198 198 226 224
199 199 224 227
200 200 223 230
201 201 221 232
202 202 220 235
203 203 218 237
204 204 217 239
205 205 216 240
206 206 216 242
207 207 215 244
208 208 214 245
209 209 214 247
210 210 214 248
211 211 213 249
212 212 213 250
213 213 216 250
214 214 218 249
215 215 220 248
216 216 222 247
217 217 224 247
218 218 226 246
219 219 228 245
220 220 230 245
221 221 231 244
222 222 233 244
223 223 235 243
224 224 236 243
225 225 238 243
226 226 239 242
227 227 240 242
228 228 242 242
229 229 242 243
230 230 242 242
231 231 242 242
232 232 242 242
233 233 241 242
234 234 241 242
235 235 241 242
236 236 241 242
237 237 241 242
238 238 241 242
239 239 241 242
240 240 241 242
241 242 241 243
242 244 242 244
243 246 243 245
244 247 244 246
245 248 245 246
246 248 246 247
247 249 248 247
248 250 249 248
249 250 250 249
250 251 251 250
251 252 252 251
252 253 253 252
253 254 254 253
254 255 255 254
255 255 255 255
