0 0 0 0
1 2 2 2
2 2 2 2
3 2 2 2
4 3 3 3
5 4 4 4
6 4 4 4
7 5 5 5
8 5 5 5
9 6 6 6
10 6 6 6
11 7 7 7
12 8 8 8
13 8 8 8
14 9 9 9
15 9 9 9
16 10 10 10
17 10 10 10
18 11 11 11
19 11 11 11
20 12 12 12
21 13 13 13
22 13 13 13
23 14 14 14
24 15 15 15
25 16 16 16
26 16 16 16
27 16 16 16
28 17 17 17
29 17 17 17
30 18 18 18
31 19 19 19
32 19 19 19
33 20 20 20
34 20 20 20
35 21 21 21
36 22 22 22
37 22 22 22
38 23 23 23
39 23 23 23
40 24 24 24
41 25 25 25
42 25 25 25
43 26 26 26
44 26 26 26
45 27 27 27
46 28 28 28
47 28 28 28
48 29 29 29
49 30 30 30
50 30 30 30
51 31 31 31
52 31 31 31
53 32 32 32
54 33 33 33
55 33 33 33
56 34 34 34
57 35 35 35
58 35 35 35
59 36 36 36
60 36 36 36
61 37 37 37
62 38 38 38
63 38 38 38
64 39 39 39
65 40 40 40
66 40 40 40
67 41 41 41
68 41 41 41
69 42 42 42
70 43 43 43
71 43 43 43
72 44 44 44
73 45 45 45
74 45 45 45
75 46 46 46
76 47 47 47
77 47 47 47
78 48 48 48
79 49 49 49
80 49 49 49
81 50 50 50
82 50 50 50
83 51 51 51
84 52 52 52
85 52 52 52
86 53 53 53
87 54 54 54
88 54 54 54
89 55 55 55
90 56 56 56
91 56 56 56
92 57 57 57
93 58 58 58
94 58 58 58
95 60 60 60
96 60 60 60
97 60 60 60
98 61 61 61
99 62 62 62
100 62 62 62
101 63 63 63
102 64 64 64
103 64 64 64
104 65 65 65
105 66 66 66
106 66 66 66
107 67 67 67
108 68 68 68
109 69 69 69
110 69 69 69
111 70 70 70
112 71 71 71
113 71 71 71
114 72 72 72
115 73 73 73
116 73 73 73
117 74 74 74
118 75 75 75
119 75 75 75
120 76 76 76
121 77 77 77
122 78 78 78
123 78 78 78
124 79 79 79
125 80 80 80
126 81 81 81
127 82 82 82
128 82 82 82
129 82 82 82
130 83 83 83
131 84 84 84
132 85 85 85
133 85 85 85
134 87 87 87
135 87 87 87
136 87 87 87
137 88 88 88
138 89 89 89
139 90 90 90
140 90 90 90
141 91 91 91
142 92 92 92
143 93 93 93
144 94 94 94
145 94 94 94
146 95 95 95
147 95 95 95
148 96 96 96
149 97 97 97
150 98 98 98
151 98 98 98
152 99 99 99
153 100 100 100
154 101 101 101
155 101 101 101
156 103 103 103
157 103 103 103
158 104 104 104
159 105 105 105
160 105 105 105
161 106 106 106
162 107 107 107
163 107 107 107
164 108 108 108
165 109 109 109
166 110 110 110
167 111 111 111
168 111 111 111
169 112 112 112
170 113 113 113
171 114 114 114
172 114 114 114
173 115 115 115
174 116 116 116
175 117 117 117
176 118 118 118
177 118 118 118
178 119 119 119
179 120 120 120
180 121 121 121
181 122 122 122
182 122 122 122
183 123 123 123
184 124 124 124
185 125 125 125
186 126 126 126
187 126 126 126
188 127 127 127
189 129 129 129
190 130 130 130
191 130 130 130
192 131 131 131
193 132 132 132
194 132 132 132
195 133 133 133
196 134 134 134
197 135 135 135
198 136 136 136
199 137 137 137
200 137 137 137
201 139 139 139
202 139 139 139
203 141 141 141
204 142 142 142
205 143 143 143
206 144 144 144
207 145 145 145
208 146 146 146
209 146 146 146
210 147 147 147
211 148 148 148
212 149 149 149
213 149 149 149
214 150 150 150
215 151 151 151
216 153 153 153
217 153 153 153
218 154 154 154
219 156 156 156
220 157 157 157
221 158 158 158
222 159 159 159
223 160 160 160
224 161 161 161
225 162 162 162
226 163 163 163
227 165 165 165
228 166 166 166
229 167 167 167
230 169 169 169
231 170 170 170
232 171 171 171
233 173 173 173
234 174 174 174
235 175 175 175
236 177 177 177
237 179 179 179
238 180 180 180
239 181 181 181
240 183 183 183
241 185 185 185
242 187 187 187
243 190 190 190
244 191 191 191
245 193 193 193
246 196 196 196
247 199 199 199
248 201 201 201
249 205 205 205
250 207 207 207
251 212 212 212
252 217 217 217
253 223 223 223
254 232 232 232
255 255 255 255
