0 88 148 148
1 144 255 148
2 96 255 100
3 48 255 48
4 0 255 0
5 0 132 0
6 0 24 180
7 0 96 188
8 255 255 255
9 255 255 244
10 255 255 232
11 255 255 220
12 255 255 208
13 255 255 196
14 255 255 184
15 255 255 172
16 208 228 244
17 200 220 236
18 188 208 228
19 176 196 216
20 120 220 255
21 108 208 255
22 96 200 255
23 88 192 255
24 0 0 255
25 0 0 220
26 0 0 184
27 0 0 148
28 0 0 112
29 0 0 76
30 0 0 40
31 0 0 0
32 80 188 255
33 72 184 255
34 60 176 255
35 52 168 248
36 40 160 244
37 32 152 240
38 20 144 240
39 12 140 232
40 0 128 228
41 0 112 196
42 0 92 164
43 0 76 132
44 0 56 100
45 0 40 68
46 0 20 36
47 0 0 0
48 255 255 172
49 255 255 148
50 255 255 124
51 255 255 100
52 255 255 76
53 255 255 52
54 255 255 28
55 255 255 0
56 228 228 0
57 200 200 0
58 172 172 0
59 140 140 0
60 112 112 0
61 84 84 0
62 56 56 0
63 24 24 0
64 188 255 255
65 176 255 255
66 164 255 255
67 152 255 255
68 140 255 255
69 128 255 255
70 116 255 255
71 100 255 255
72 88 255 255
73 76 255 255
74 64 255 255
75 52 255 255
76 40 255 255
77 28 255 255
78 16 255 255
79 0 255 255
80 0 224 224
81 0 192 192
82 0 160 160
83 0 132 132
84 0 100 100
85 0 68 68
86 0 36 36
87 0 0 0
88 140 212 255
89 120 188 248
90 100 164 236
91 80 132 224
92 60 100 208
93 40 68 188
94 20 36 168
95 0 0 140
96 200 192 216
97 192 184 212
98 184 176 204
99 172 168 196
100 164 156 184
101 152 148 176
102 144 140 168
103 132 128 156
104 188 204 228
105 176 196 220
106 164 184 212
107 152 172 204
108 136 160 192
109 124 148 180
110 112 136 172
111 96 124 156
112 172 192 208
113 168 188 204
114 160 180 200
115 152 172 192
116 144 168 188
117 136 160 180
118 132 156 176
119 124 148 168
120 116 140 164
121 108 132 156
122 100 128 148
123 96 120 144
124 88 112 136
125 80 104 128
126 72 96 120
127 64 88 112
128 244 232 248
129 236 220 244
130 232 204 240
131 224 188 232
132 216 172 228
133 208 156 220
134 200 140 212
135 192 124 208
136 188 108 200
137 180 96 192
138 172 80 184
139 164 64 176
140 160 48 168
141 152 32 160
142 144 16 152
143 136 0 144
144 220 220 220
145 216 216 216
146 208 208 208
147 200 200 200
148 196 196 196
149 188 188 188
150 184 184 184
151 176 176 176
152 168 168 168
153 164 164 164
154 156 156 156
155 148 148 148
156 144 144 144
157 136 136 136
158 128 128 128
159 124 124 124
160 116 116 116
161 108 108 108
162 104 104 104
163 96 96 96
164 88 88 88
165 84 84 84
166 76 76 76
167 72 72 72
168 64 64 64
169 56 56 56
170 52 52 52
171 44 44 44
172 36 36 36
173 32 32 32
174 24 24 24
175 16 16 16
176 212 220 240
177 204 212 236
178 192 208 232
179 180 200 228
180 172 192 224
181 160 188 220
182 148 184 216
183 136 176 212
184 128 172 208
185 120 168 204
186 112 160 200
187 100 156 196
188 92 148 192
189 84 144 188
190 76 140 184
191 64 132 180
192 52 128 176
193 48 124 172
194 40 116 164
195 32 108 156
196 24 100 148
197 16 92 140
198 8 84 132
199 0 76 124
200 0 68 108
201 0 64 100
202 0 56 88
203 0 48 76
204 0 44 68
205 0 36 56
206 0 28 44
207 0 20 32
208 188 255 255
209 184 255 255
210 176 255 255
211 172 248 248
212 164 248 248
213 160 248 248
214 152 244 244
215 148 240 240
216 140 236 236
217 136 232 232
218 128 228 228
219 124 224 224
220 116 220 220
221 112 212 212
222 104 208 208
223 100 204 204
224 92 196 196
225 88 192 192
226 80 184 184
227 76 176 176
228 68 168 168
229 64 164 164
230 56 156 156
231 52 148 148
232 44 140 140
233 36 132 132
234 32 120 120
235 24 112 112
236 20 104 104
237 12 92 92
238 8 84 84
239 0 72 72
240 192 212 228
241 184 204 220
242 176 196 212
243 240 232 255
244 232 224 248
245 220 212 240
246 208 200 224
247 248 248 248
248 244 244 244
249 236 236 236
250 228 228 228
251 0 0 0
252 180 180 180
253 232 240 248
254 224 232 244
255 255 255 255
