0 0 255 252
1 0 255 248
2 0 255 244
3 0 255 240
4 0 255 235
5 0 255 230
6 0 255 225
7 0 255 220
8 0 255 215
9 0 255 209
10 0 255 202
11 0 255 196
12 0 255 189
13 0 255 181
14 0 255 172
15 0 255 164
16 0 255 155
17 0 255 144
18 0 255 132
19 0 255 121
20 0 255 110
21 0 255 96
22 0 255 81
23 0 255 67
24 0 255 52
25 0 255 36
26 0 255 19
27 0 255 1
28 17 255 0
29 32 255 0
30 43 255 0
31 53 255 0
32 63 255 0
33 74 255 0
34 82 255 0
35 90 255 0
36 98 255 0
37 106 255 0
38 113 255 0
39 119 255 0
40 126 255 0
41 132 255 0
42 138 255 0
43 143 255 0
44 148 255 0
45 153 255 0
46 158 255 0
47 163 255 0
48 167 255 0
49 171 255 0
50 175 255 0
51 179 255 0
52 182 255 0
53 186 255 0
54 190 255 0
55 193 255 0
56 196 255 0
57 199 255 0
58 202 255 0
59 204 255 0
60 207 255 0
61 210 255 0
62 212 255 0
63 215 255 0
64 217 255 0
65 219 255 0
66 222 255 0
67 224 255 0
68 226 255 0
69 228 255 0
70 230 255 0
71 232 255 0
72 234 255 0
73 236 255 0
74 238 255 0
75 240 255 0
76 242 255 0
77 243 255 0
78 245 255 0
79 247 255 0
80 249 255 0
81 250 255 0
82 252 255 0
83 254 255 0
84 255 255 0
85 255 254 0
86 255 253 0
87 255 252 0
88 255 250 0
89 255 249 0
90 255 247 0
91 255 246 0
92 255 245 0
93 255 243 0
94 255 241 0
95 255 240 0
96 255 238 0
97 255 236 0
98 255 234 0
99 255 232 0
100 255 230 0
101 255 228 0
102 255 226 0
103 255 224 0
104 255 222 0
105 255 220 0
106 255 217 0
107 255 215 0
108 255 212 0
109 255 210 0
110 255 207 0
111 255 204 0
112 255 202 0
113 255 199 0
114 255 196 0
115 255 192 0
116 255 189 0
117 255 186 0
118 255 183 0
119 255 179 0
120 255 175 0
121 255 172 0
122 255 168 0
123 255 164 0
124 255 160 0
125 255 155 0
126 255 151 0
127 255 146 0
128 255 142 0
129 255 137 0
130 255 132 0
131 255 127 0
132 255 121 0
133 255 116 0
134 255 110 0
135 255 104 0
136 255 98 0
137 255 92 0
138 255 85 0
139 255 79 0
140 255 72 0
141 255 64 0
142 255 57 0
143 255 49 0
144 255 42 0
145 255 33 0
146 255 25 0
147 255 16 0
148 255 5 0
149 255 0 15
150 255 0 35
151 255 0 54
152 255 0 73
153 255 0 87
154 255 0 102
155 255 0 116
156 255 0 130
157 255 0 142
158 255 0 154
159 255 0 165
160 255 0 176
161 255 0 186
162 255 0 196
163 255 0 205
164 255 0 214
165 255 0 223
166 255 0 231
167 255 0 239
168 255 0 248
169 255 0 255
170 248 0 255
171 240 0 255
172 232 0 255
173 225 0 255
174 217 0 255
175 208 0 255
176 200 0 255
177 192 0 255
178 184 0 255
179 175 0 255
180 166 0 255
181 158 0 255
182 149 0 255
183 140 0 255
184 130 0 255
185 121 0 255
186 112 0 255
187 102 0 255
188 91 0 255
189 81 0 255
190 71 0 255
191 60 0 255
192 49 0 255
193 38 0 255
194 27 0 255
195 16 0 255
196 4 0 255
197 0 8 255
198 0 20 255
199 0 31 255
200 0 38 255
201 0 46 255
202 0 53 255
203 0 60 255
204 0 67 255
205 0 73 255
206 0 80 255
207 0 86 255
208 0 92 255
209 0 98 255
210 0 104 255
211 0 109 255
212 0 115 255
213 0 120 255
214 0 125 255
215 0 130 255
216 0 135 255
217 0 139 255
218 0 144 255
219 0 148 255
220 0 153 255
221 0 157 255
222 0 161 255
223 0 165 255
224 0 169 255
225 0 173 255
226 0 176 255
227 0 180 255
228 0 184 255
229 0 187 255
230 0 191 255
231 0 194 255
232 0 197 255
233 0 200 255
234 0 203 255
235 0 207 255
236 0 210 255
237 0 213 255
238 0 215 255
239 0 218 255
240 0 221 255
241 0 224 255
242 0 227 255
243 0 229 255
244 0 232 255
245 0 234 255
246 0 237 255
247 0 239 255
248 0 242 255
249 0 244 255
250 0 247 255
251 0 249 255
252 0 251 255
253 0 253 255
254 0 255 255
255 255 255 255
