0 0 255 252
1 0 255 248
2 0 255 244
3 0 255 240
4 0 255 235
5 0 255 230
6 0 255 225
7 0 255 221
8 0 255 215
9 0 255 209
10 0 255 203
11 0 255 196
12 0 255 190
13 0 255 181
14 0 255 173
15 0 255 164
16 0 255 156
17 0 255 145
18 0 255 133
19 0 255 122
20 0 255 111
21 0 255 97
22 0 255 83
23 0 255 68
24 0 255 53
25 0 255 38
26 0 255 20
27 0 255 3
28 15 255 0
29 31 255 0
30 41 255 0
31 52 255 0
32 62 255 0
33 72 255 0
34 81 255 0
35 89 255 0
36 97 255 0
37 105 255 0
38 112 255 0
39 118 255 0
40 125 255 0
41 131 255 0
42 137 255 0
43 142 255 0
44 147 255 0
45 153 255 0
46 158 255 0
47 162 255 0
48 166 255 0
49 170 255 0
50 175 255 0
51 178 255 0
52 182 255 0
53 185 255 0
54 189 255 0
55 192 255 0
56 195 255 0
57 198 255 0
58 201 255 0
59 204 255 0
60 206 255 0
61 209 255 0
62 212 255 0
63 214 255 0
64 216 255 0
65 219 255 0
66 221 255 0
67 223 255 0
68 225 255 0
69 228 255 0
70 230 255 0
71 232 255 0
72 234 255 0
73 236 255 0
74 237 255 0
75 239 255 0
76 241 255 0
77 243 255 0
78 245 255 0
79 246 255 0
80 248 255 0
81 250 255 0
82 252 255 0
83 253 255 0
84 255 255 0
85 255 255 0
86 255 253 0
87 255 252 0
88 255 251 0
89 255 249 0
90 255 248 0
91 255 247 0
92 255 245 0
93 255 244 0
94 255 242 0
95 255 240 0
96 255 239 0
97 255 237 0
98 255 235 0
99 255 233 0
100 255 231 0
101 255 229 0
102 255 227 0
103 255 225 0
104 255 223 0
105 255 221 0
106 255 218 0
107 255 216 0
108 255 214 0
109 255 211 0
110 255 209 0
111 255 206 0
112 255 203 0
113 255 200 0
114 255 197 0
115 255 194 0
116 255 191 0
117 255 187 0
118 255 184 0
119 255 181 0
120 255 177 0
121 255 173 0
122 255 170 0
123 255 166 0
124 255 162 0
125 255 157 0
126 255 153 0
127 255 149 0
128 255 144 0
129 255 139 0
130 255 134 0
131 255 129 0
132 255 124 0
133 255 118 0
134 255 113 0
135 255 107 0
136 255 101 0
137 255 95 0
138 255 89 0
139 255 82 0
140 255 76 0
141 255 68 0
142 255 61 0
143 255 54 0
144 255 46 0
145 255 38 0
146 255 29 0
147 255 21 0
148 255 13 0
149 255 0 4
150 255 0 23
151 255 0 42
152 255 0 62
153 255 0 79
154 255 0 93
155 255 0 107
156 255 0 121
157 255 0 135
158 255 0 147
159 255 0 158
160 255 0 169
161 255 0 180
162 255 0 190
163 255 0 199
164 255 0 208
165 255 0 218
166 255 0 226
167 255 0 234
168 255 0 242
169 255 0 250
170 253 0 255
171 245 0 255
172 238 0 255
173 230 0 255
174 222 0 255
175 214 0 255
176 206 0 255
177 198 0 255
178 190 0 255
179 181 0 255
180 172 0 255
181 164 0 255
182 155 0 255
183 146 0 255
184 137 0 255
185 128 0 255
186 118 0 255
187 109 0 255
188 99 0 255
189 89 0 255
190 79 0 255
191 69 0 255
192 58 0 255
193 47 0 255
194 36 0 255
195 25 0 255
196 13 0 255
197 2 0 255
198 0 11 255
199 0 23 255
200 0 32 255
201 0 40 255
202 0 47 255
203 0 54 255
204 0 62 255
205 0 68 255
206 0 75 255
207 0 81 255
208 0 88 255
209 0 93 255
210 0 99 255
211 0 105 255
212 0 110 255
213 0 116 255
214 0 121 255
215 0 126 255
216 0 131 255
217 0 136 255
218 0 140 255
219 0 144 255
220 0 149 255
221 0 153 255
222 0 157 255
223 0 161 255
224 0 165 255
225 0 169 255
226 0 173 255
227 0 177 255
228 0 180 255
229 0 184 255
230 0 188 255
231 0 191 255
232 0 194 255
233 0 197 255
234 0 201 255
235 0 204 255
236 0 207 255
237 0 210 255
238 0 213 255
239 0 216 255
240 0 218 255
241 0 221 255
242 0 224 255
243 0 227 255
244 0 229 255
245 0 232 255
246 0 234 255
247 0 237 255
248 0 239 255
249 0 242 255
250 0 244 255
251 0 247 255
252 0 249 255
253 0 251 255
254 0 253 255
255 0 255 255
