0 0 0 0
1 0 0 0
2 0 0 0
3 0 0 0
4 0 0 0
5 0 0 0
6 0 0 0
7 0 0 0
8 0 0 0
9 0 0 0
10 0 0 0
11 0 0 0
12 0 0 0
13 0 0 0
14 0 0 0
15 0 0 0
16 0 0 0
17 0 0 0
18 0 0 0
19 0 0 0
20 0 0 0
21 0 0 0
22 0 0 0
23 0 0 0
24 0 0 0
25 0 0 0
26 0 0 0
27 0 0 0
28 0 0 0
29 0 0 0
30 0 0 0
31 0 0 0
32 0 0 0
33 0 0 0
34 0 0 0
35 0 0 0
36 0 0 0
37 0 0 0
38 0 0 0
39 0 0 0
40 0 0 0
41 0 0 0
42 0 0 0
43 0 0 0
44 0 0 0
45 0 0 0
46 0 0 0
47 0 0 0
48 0 0 0
49 0 0 0
50 20 20 20
51 39 39 39
52 59 59 59
53 78 78 78
54 89 91 91
55 99 104 104
56 109 117 117
57 120 130 130
58 130 142 143
59 140 155 156
60 151 168 169
61 161 181 182
62 171 193 194
63 173 192 193
64 174 191 192
65 175 191 192
66 176 191 191
67 177 190 191
68 177 190 190
69 178 189 190
70 179 189 189
71 179 188 189
72 180 188 188
73 181 187 188
74 181 187 187
75 182 186 187
76 183 186 186
77 183 185 186
78 184 185 185
79 184 184 184
80 185 185 185
81 185 185 185
82 185 185 185
83 186 185 185
84 186 186 186
85 186 186 186
86 187 186 186
87 190 187 189
88 193 188 191
89 195 189 193
90 198 190 196
91 201 191 198
92 203 192 200
93 206 193 202
94 208 194 205
95 211 195 207
96 214 196 209
97 216 197 212
98 219 198 214
99 221 199 216
100 224 200 218
101 227 201 221
102 229 202 223
103 232 203 225
104 234 204 227
105 234 205 227
106 234 205 227
107 234 205 227
108 234 205 227
109 234 206 227
110 234 206 227
111 234 206 227
112 234 206 227
113 234 207 227
114 234 207 227
115 234 207 227
116 234 207 227
117 234 208 227
118 234 208 227
119 234 208 227
120 234 208 227
121 234 208 227
122 234 208 228
123 234 208 228
124 234 208 228
125 235 208 229
126 235 208 229
127 235 208 229
128 235 208 230
129 235 208 230
130 235 208 230
131 236 208 231
132 236 208 231
133 236 208 231
134 236 208 232
135 236 208 232
136 236 208 232
137 236 208 232
138 234 207 232
139 233 206 231
140 231 205 231
141 230 205 231
142 228 204 230
143 227 203 230
144 226 202 230
145 225 202 231
146 224 201 232
147 222 200 233
148 221 199 233
149 219 199 234
150 218 198 235
151 216 197 235
152 215 196 236
153 213 196 237
154 212 195 237
155 210 194 238
156 209 193 239
157 207 193 239
158 206 192 240
159 204 191 241
160 203 190 241
161 202 190 242
162 200 189 243
163 199 188 244
164 197 187 244
165 196 187 245
166 194 186 246
167 193 185 246
168 191 184 247
169 190 184 248
170 188 183 248
171 187 182 249
172 185 181 250
173 184 181 250
174 182 180 251
175 181 179 252
176 179 178 252
177 178 179 251
178 176 180 249
179 174 180 247
180 172 181 246
181 171 182 244
182 169 182 242
183 167 183 241
184 165 183 239
185 163 184 237
186 162 185 236
187 160 185 234
188 158 186 232
189 156 186 231
190 154 187 229
191 152 187 227
192 150 188 227
193 149 189 228
194 148 190 229
195 147 190 230
196 146 191 230
197 145 192 231
198 144 192 232
199 143 193 233
200 142 194 233
201 141 194 234
202 139 195 235
203 138 196 235
204 137 196 236
205 136 197 237
206 135 198 238
207 134 198 238
208 133 199 239
209 132 200 240
210 131 201 241
211 129 202 242
212 128 202 243
213 127 203 244
214 125 204 245
215 124 204 246
216 122 205 247
217 121 206 248
218 120 206 249
219 118 207 250
220 117 208 251
221 116 208 252
222 114 209 253
223 113 210 254
224 111 210 255
225 111 209 254
226 110 207 252
227 109 205 250
228 108 203 248
229 108 201 247
230 107 199 245
231 106 197 243
232 105 195 241
233 105 193 240
234 104 191 238
235 103 189 236
236 102 187 234
237 102 185 233
238 101 183 231
239 100 181 229
240 99 179 227
241 100 178 225
242 100 176 223
243 100 174 221
244 101 172 219
245 101 171 217
246 101 169 215
247 101 167 213
248 102 165 211
249 102 163 209
250 102 162 207
251 97 152 199
252 91 142 191
253 85 132 183
254 79 121 175
255 254 241 174
