0 255 200 198
1 252 200 174
2 191 194 182
3 199 183 156
4 197 187 151
5 183 165 149
6 204 173 163
7 217 160 161
8 217 143 189
9 219 146 238
10 199 139 202
11 199 136 229
12 196 128 239
13 176 140 236
14 152 150 253
15 120 145 238
16 107 134 208
17 115 111 196
18 120 88 173
19 95 74 132
20 105 96 122
21 139 59 157
22 202 66 174
23 215 42 160
24 172 2 194
25 214 9 235
26 200 9 254
27 193 58 245
28 179 38 245
29 182 33 251
30 233 53 240
31 252 52 241
32 255 24 211
33 235 12 163
34 210 49 142
35 248 79 144
36 219 113 149
37 228 65 173
38 234 81 209
39 235 102 194
40 236 119 176
41 215 127 179
42 182 109 197
43 160 118 211
44 151 115 242
45 171 92 223
46 124 90 241
47 101 74 236
48 70 86 233
49 30 92 232
50 36 102 254
51 26 170 236
52 2 133 198
53 37 136 154
54 70 144 121
55 92 141 127
56 101 173 116
57 62 190 113
58 83 224 105
59 89 250 102
60 53 247 140
61 28 246 160
62 39 215 99
63 63 175 142
64 56 151 117
65 24 123 133
66 10 118 134
67 1 76 141
68 37 66 172
69 6 72 148
70 63 68 128
71 81 64 144
72 56 67 92
73 65 3 116
74 62 8 159
75 43 40 179
76 42 29 154
77 18 4 111
78 43 48 66
79 20 2 22
80 45 22 18
81 75 44 35
82 107 55 43
83 96 62 17
84 122 80 6
85 127 81 29
86 130 93 49
87 137 99 67
88 114 114 73
89 95 98 70
90 89 60 88
91 48 35 112
92 35 30 80
93 70 4 80
94 71 30 50
95 95 15 35
96 88 27 43
97 123 5 2
98 157 26 51
99 177 15 77
100 191 31 54
101 182 48 88
102 213 39 82
103 217 35 91
104 211 72 50
105 184 109 55
106 187 178 84
107 209 148 41
108 200 163 20
109 208 139 13
110 200 111 8
111 220 118 36
112 203 144 84
113 252 119 60
114 254 160 62
115 225 167 87
116 218 140 107
117 214 116 125
118 229 135 111
119 202 119 111
120 164 132 103
121 159 125 147
122 137 107 131
123 181 111 92
124 167 153 54
125 123 163 55
126 127 127 80
127 129 117 111
128 87 108 101
129 94 106 134
130 67 111 126
131 17 125 119
132 36 102 118
133 14 66 73
134 51 64 54
135 36 89 26
136 1 70 21
137 40 88 18
138 58 78 13
139 70 89 0
140 26 129 39
141 41 148 46
142 33 143 0
143 59 165 11
144 72 142 53
145 108 128 15
146 121 144 26
147 148 172 0
148 119 183 2
149 92 191 32
150 103 208 63
151 86 162 63
152 69 154 66
153 46 161 63
154 70 189 63
155 55 182 4
156 81 221 27
157 43 242 5
158 11 217 23
159 2 239 37
160 52 206 72
161 59 222 34
162 54 253 79
163 105 246 57
164 132 245 53
165 83 247 71
166 104 246 73
167 110 239 81
168 112 223 91
169 140 197 21
170 145 225 23
171 173 230 14
172 165 239 62
173 149 252 83
174 199 246 103
175 223 222 108
176 250 179 116
177 240 189 75
178 227 206 63
179 182 194 80
180 173 214 82
181 129 202 69
182 134 187 86
183 139 185 82
184 144 190 81
185 145 209 31
186 168 154 45
187 177 138 48
188 180 114 26
189 179 96 29
190 145 63 43
191 179 43 50
192 196 63 16
193 248 102 16
194 235 59 54
195 232 5 50
196 206 2 94
197 158 13 110
198 166 36 108
199 134 45 130
200 126 76 185
201 123 55 206
202 153 24 243
203 114 38 230
204 94 10 236
205 102 4 178
206 56 44 202
207 92 51 222
208 33 27 206
209 23 13 203
210 16 12 207
211 48 50 213
212 38 70 205
213 84 71 215
214 104 110 239
215 69 135 239
216 43 128 195
217 88 143 202
218 90 175 235
219 58 166 255
220 50 175 236
221 51 195 200
222 64 188 176
223 52 202 165
224 33 238 159
225 55 216 196
226 12 212 176
227 10 220 200
228 10 227 238
229 5 243 241
230 21 240 200
231 43 250 220
232 64 242 238
233 107 230 207
234 139 241 231
235 184 236 176
236 141 238 145
237 149 210 145
238 200 206 128
239 196 202 126
240 156 173 92
241 148 169 133
242 129 151 119
243 128 183 152
244 138 215 114
245 127 235 114
246 99 242 129
247 112 226 117
248 105 204 148
249 118 197 191
250 136 204 219
251 194 169 201
252 214 217 226
253 210 197 249
254 196 244 221
255 255 255 255
