0 255 255 0
1 255 255 3
2 255 255 6
3 255 255 9
4 255 255 12
5 255 255 15
6 255 255 18
7 255 255 21
8 255 255 24
9 255 255 27
10 255 255 30
11 255 255 33
12 255 255 36
13 255 255 39
14 255 255 42
15 255 255 45
16 255 255 48
17 255 255 51
18 255 255 54
19 255 255 57
20 255 255 60
21 255 255 63
22 255 255 66
23 255 255 69
24 255 255 72
25 255 255 75
26 255 255 78
27 255 255 81
28 255 255 84
29 255 255 87
30 255 255 90
31 255 255 93
32 255 255 96
33 255 255 99
34 255 255 102
35 255 255 105
36 255 255 108
37 255 255 111
38 255 255 114
39 255 255 117
40 255 255 120
41 255 255 123
42 255 255 126
43 255 255 129
44 255 255 132
45 255 255 135
46 255 255 138
47 255 255 141
48 255 255 144
49 255 255 147
50 255 255 150
51 255 255 153
52 255 255 156
53 255 255 159
54 255 255 162
55 255 255 165
56 255 255 168
57 255 255 171
58 255 255 174
59 255 255 177
60 255 255 180
61 255 255 183
62 255 255 186
63 255 255 189
64 255 255 192
65 255 255 195
66 255 255 198
67 255 255 201
68 255 255 204
69 255 255 207
70 255 255 210
71 255 255 213
72 255 255 216
73 255 255 219
74 255 255 222
75 255 255 225
76 255 255 228
77 255 255 231
78 255 255 234
79 255 255 237
80 255 255 240
81 255 255 243
82 255 255 246
83 255 255 249
84 255 255 252
85 255 255 255
86 255 3 255
87 255 6 255
88 255 9 255
89 255 12 255
90 255 15 255
91 255 18 255
92 255 21 255
93 255 24 255
94 255 27 255
95 255 30 255
96 255 33 255
97 255 36 255
98 255 39 255
99 255 42 255
100 255 45 255
101 255 48 255
102 255 51 255
103 255 54 255
104 255 57 255
105 255 60 255
106 255 63 255
107 255 66 255
108 255 69 255
109 255 72 255
110 255 75 255
111 255 78 255
112 255 81 255
113 255 84 255
114 255 87 255
115 255 90 255
116 255 93 255
117 255 96 255
118 255 99 255
119 255 102 255
120 255 105 255
121 255 108 255
122 255 111 255
123 255 114 255
124 255 117 255
125 255 120 255
126 255 123 255
127 255 126 255
128 255 129 255
129 255 132 255
130 255 135 255
131 255 138 255
132 255 141 255
133 255 144 255
134 255 147 255
135 255 150 255
136 255 153 255
137 255 156 255
138 255 159 255
139 255 162 255
140 255 165 255
141 255 168 255
142 255 171 255
143 255 174 255
144 255 177 255
145 255 180 255
146 255 183 255
147 255 186 255
148 255 189 255
149 255 192 255
150 255 195 255
151 255 198 255
152 255 201 255
153 255 204 255
154 255 207 255
155 255 210 255
156 255 213 255
157 255 216 255
158 255 219 255
159 255 222 255
160 255 225 255
161 255 228 255
162 255 231 255
163 255 234 255
164 255 237 255
165 255 240 255
166 255 243 255
167 255 246 255
168 255 249 255
169 255 252 255
170 255 255 255
171 3 255 255
172 6 255 255
173 9 255 255
174 12 255 255
175 15 255 255
176 18 255 255
177 21 255 255
178 24 255 255
179 27 255 255
180 30 255 255
181 33 255 255
182 36 255 255
183 39 255 255
184 42 255 255
185 45 255 255
186 48 255 255
187 51 255 255
188 54 255 255
189 57 255 255
190 60 255 255
191 63 255 255
192 66 255 255
193 69 255 255
194 72 255 255
195 75 255 255
196 78 255 255
197 81 255 255
198 84 255 255
199 87 255 255
200 90 255 255
201 93 255 255
202 96 255 255
203 99 255 255
204 102 255 255
205 105 255 255
206 108 255 255
207 111 255 255
208 114 255 255
209 117 255 255
210 120 255 255
211 123 255 255
212 126 255 255
213 129 255 255
214 132 255 255
215 135 255 255
216 138 255 255
217 141 255 255
218 144 255 255
219 147 255 255
220 150 255 255
221 153 255 255
222 156 255 255
223 159 255 255
224 162 255 255
225 165 255 255
226 168 255 255
227 171 255 255
228 174 255 255
229 177 255 255
230 180 255 255
231 183 255 255
232 186 255 255
233 189 255 255
234 192 255 255
235 195 255 255
236 198 255 255
237 201 255 255
238 204 255 255
239 207 255 255
240 210 255 255
241 213 255 255
242 216 255 255
243 219 255 255
244 222 255 255
245 225 255 255
246 228 255 255
247 231 255 255
248 234 255 255
249 237 255 255
250 240 255 255
251 243 255 255
252 246 255 255
253 249 255 255
254 252 255 255
255 255 255 255
