0 0 0 0
1 0 0 68
2 0 0 136
3 0 0 204
4 0 68 0
5 0 68 68
6 0 68 136
7 0 68 204
8 0 136 0
9 0 136 68
10 0 136 136
11 0 136 204
12 0 204 0
13 0 204 68
14 0 204 136
15 0 204 204
16 0 221 221
17 17 17 17
18 0 0 85
19 0 0 153
20 0 0 221
21 0 85 0
22 0 85 85
23 0 76 153
24 0 73 221
25 0 153 0
26 0 153 76
27 0 153 153
28 0 147 221
29 0 221 0
30 0 221 73
31 0 221 147
32 0 238 158
33 0 238 238
34 34 34 34
35 0 0 102
36 0 0 170
37 0 0 238
38 0 102 0
39 0 102 102
40 0 85 170
41 0 79 238
42 0 170 0
43 0 170 85
44 0 170 170
45 0 158 238
46 0 238 0
47 0 238 79
48 0 255 85
49 0 255 170
50 0 255 255
51 51 51 51
52 0 0 119
53 0 0 187
54 0 0 255
55 0 119 0
56 0 119 119
57 0 93 187
58 0 85 255
59 0 187 0
60 0 187 93
61 0 187 187
62 0 170 255
63 0 255 0
64 68 0 68
65 68 0 136
66 68 0 204
67 68 68 0
68 68 68 68
69 68 68 136
70 68 68 204
71 68 136 0
72 68 136 68
73 68 136 136
74 68 136 204
75 68 204 0
76 68 204 68
77 68 204 136
78 68 204 204
79 68 0 0
80 85 0 0
81 85 0 85
82 76 0 153
83 73 0 221
84 85 85 0
85 85 85 85
86 76 76 153
87 73 73 221
88 76 153 0
89 76 153 76
90 76 153 153
91 73 147 221
92 73 221 0
93 73 221 73
94 73 221 147
95 73 221 221
96 79 238 238
97 102 0 0
98 102 0 102
99 85 0 170
100 79 0 238
101 102 102 0
102 102 102 102
103 85 85 170
104 79 79 238
105 85 170 0
106 85 170 85
107 85 170 170
108 79 158 238
109 79 238 0
110 79 238 79
111 79 238 158
112 85 255 170
113 85 255 255
114 119 0 0
115 119 0 119
116 93 0 187
117 85 0 255
118 119 119 0
119 119 119 119
120 93 93 187
121 85 85 255
122 93 187 0
123 93 187 93
124 93 187 187
125 85 170 255
126 85 255 0
127 85 255 85
128 136 0 136
129 136 0 204
130 136 68 0
131 136 68 68
132 136 68 136
133 136 68 204
134 136 136 0
135 136 136 68
136 136 136 136
137 136 136 204
138 136 204 0
139 136 204 68
140 136 204 136
141 136 204 204
142 136 0 0
143 136 0 68
144 153 0 76
145 153 0 153
146 147 0 221
147 153 76 0
148 153 76 76
149 153 76 153
150 147 73 221
151 153 153 0
152 153 153 76
153 153 153 153
154 147 147 221
155 147 221 0
156 147 221 73
157 147 221 147
158 147 221 221
159 153 0 0
160 170 0 0
161 170 0 85
162 170 0 170
163 158 0 238
164 170 85 0
165 170 85 85
166 170 85 170
167 158 79 238
168 170 170 0
169 170 170 85
170 170 170 170
171 158 158 238
172 158 238 0
173 158 238 79
174 158 238 158
175 158 238 238
176 170 255 255
177 187 0 0
178 187 0 93
179 187 0 187
180 170 0 255
181 187 93 0
182 187 93 93
183 187 93 187
184 170 85 255
185 187 187 0
186 187 187 93
187 187 187 187
188 170 170 255
189 170 255 0
190 170 255 85
191 170 255 170
192 204 0 204
193 204 68 0
194 204 68 68
195 204 68 136
196 204 68 204
197 204 136 0
198 204 136 68
199 204 136 136
200 204 136 204
201 204 204 0
202 204 204 68
203 204 204 136
204 204 204 204
205 204 0 0
206 204 0 68
207 204 0 136
208 221 0 147
209 221 0 221
210 221 73 0
211 221 73 73
212 221 73 147
213 221 73 221
214 221 147 0
215 221 147 73
216 221 147 147
217 221 147 221
218 221 221 0
219 221 221 73
220 221 221 147
221 221 221 221
222 221 0 0
223 221 0 73
224 238 0 79
225 238 0 158
226 238 0 238
227 238 79 0
228 238 79 79
229 238 79 158
230 238 79 238
231 238 158 0
232 238 158 79
233 238 158 158
234 238 158 238
235 238 238 0
236 238 238 79
237 238 238 158
238 238 238 238
239 238 0 0
240 255 0 0
241 255 0 85
242 255 0 170
243 255 0 255
244 255 85 0
245 255 85 85
246 255 85 170
247 255 85 255
248 255 170 0
249 255 170 85
250 255 170 170
251 255 170 255
252 255 255 0
253 255 255 85
254 255 255 170
255 255 255 255
