0 0 0 0
1 0 0 85
2 0 0 170
3 0 0 255
4 0 85 0
5 0 85 85
6 0 85 170
7 0 85 255
8 0 170 0
9 0 170 85
10 0 170 170
11 0 170 255
12 0 255 0
13 0 255 85
14 0 255 170
15 0 255 255
16 0 255 255
17 0 0 0
18 0 0 85
19 0 0 170
20 0 0 255
21 0 85 0
22 0 85 85
23 0 85 170
24 0 85 255
25 0 170 0
26 0 170 85
27 0 170 170
28 0 170 255
29 0 255 0
30 0 255 85
31 0 255 170
32 37 255 183
33 37 255 255
34 37 37 37
35 37 37 110
36 37 37 183
37 37 37 255
38 37 110 37
39 37 110 110
40 37 110 183
41 37 110 255
42 37 183 37
43 37 183 110
44 37 183 183
45 37 183 255
46 37 255 37
47 37 255 110
48 37 255 110
49 37 255 183
50 37 255 255
51 37 37 37
52 37 37 110
53 37 37 183
54 37 37 255
55 37 110 37
56 37 110 110
57 37 110 183
58 37 110 255
59 37 183 37
60 37 183 110
61 37 183 183
62 37 183 255
63 37 255 37
64 85 0 85
65 85 0 170
66 85 0 255
67 85 85 0
68 73 73 73
69 73 73 164
70 73 73 255
71 85 170 0
72 73 164 73
73 73 164 164
74 73 164 255
75 85 255 0
76 73 255 73
77 73 255 164
78 73 255 255
79 85 0 0
80 85 0 0
81 85 0 85
82 85 0 170
83 85 0 255
84 85 85 0
85 73 73 73
86 73 73 164
87 73 73 255
88 85 170 0
89 73 164 73
90 73 164 164
91 73 164 255
92 85 255 0
93 73 255 73
94 73 255 164
95 73 255 255
96 110 255 255
97 110 37 37
98 110 37 110
99 110 37 183
100 110 37 255
101 110 110 37
102 110 110 110
103 110 110 183
104 110 110 255
105 110 183 37
106 110 183 110
107 110 183 183
108 110 183 255
109 110 255 37
110 110 255 110
111 110 255 183
112 110 255 183
113 110 255 255
114 110 37 37
115 110 37 110
116 110 37 183
117 110 37 255
118 110 110 37
119 110 110 110
120 110 110 183
121 110 110 255
122 110 183 37
123 110 183 110
124 110 183 183
125 110 183 255
126 110 255 37
127 110 255 110
128 170 0 170
129 170 0 255
130 170 85 0
131 164 73 73
132 164 73 164
133 164 73 255
134 170 170 0
135 164 164 73
136 146 146 146
137 146 146 255
138 170 255 0
139 164 255 73
140 146 255 146
141 146 255 255
142 170 0 0
143 170 0 85
144 170 0 85
145 170 0 170
146 170 0 255
147 170 85 0
148 164 73 73
149 164 73 164
150 164 73 255
151 170 170 0
152 164 164 73
153 146 146 146
154 146 146 255
155 170 255 0
156 164 255 73
157 146 255 146
158 146 255 255
159 170 0 0
160 183 37 37
161 183 37 110
162 183 37 183
163 183 37 255
164 183 110 37
165 183 110 110
166 183 110 183
167 183 110 255
168 183 183 37
169 183 183 110
170 183 183 183
171 183 183 255
172 183 255 37
173 183 255 110
174 183 255 183
175 183 255 255
176 183 255 255
177 183 37 37
178 183 37 110
179 183 37 183
180 183 37 255
181 183 110 37
182 183 110 110
183 183 110 183
184 183 110 255
185 183 183 37
186 183 183 110
187 183 183 183
188 183 183 255
189 183 255 37
190 183 255 110
191 183 255 183
192 255 0 255
193 255 85 0
194 255 73 73
195 255 73 164
196 255 73 255
197 255 170 0
198 255 164 73
199 255 146 146
200 255 146 255
201 255 255 0
202 255 255 73
203 255 255 146
204 219 219 219
205 255 0 0
206 255 0 85
207 255 0 170
208 255 0 170
209 255 0 255
210 255 85 0
211 255 73 73
212 255 73 164
213 255 73 255
214 255 170 0
215 255 164 73
216 255 146 146
217 255 146 255
218 255 255 0
219 255 255 73
220 255 255 146
221 219 219 219
222 255 0 0
223 255 0 85
224 255 37 110
225 255 37 183
226 255 37 255
227 255 110 37
228 255 110 110
229 255 110 183
230 255 110 255
231 255 183 37
232 255 183 110
233 255 183 183
234 255 183 255
235 255 255 37
236 255 255 110
237 255 255 183
238 255 255 255
239 255 37 37
240 255 37 37
241 255 37 110
242 255 37 183
243 255 37 255
244 255 110 37
245 255 110 110
246 255 110 183
247 255 110 255
248 255 183 37
249 255 183 110
250 255 183 183
251 255 183 255
252 255 255 37
253 255 255 110
254 255 255 183
255 255 255 255
