0 0 0 0
1 0 0 47
2 0 0 109
3 0 0 255
4 0 47 0
5 0 47 47
6 0 47 109
7 0 47 255
8 0 109 0
9 0 109 47
10 0 109 109
11 0 109 255
12 0 255 0
13 0 255 47
14 0 255 109
15 0 255 255
16 9 255 255
17 9 9 9
18 9 9 54
19 9 9 115
20 9 9 255
21 9 54 9
22 9 54 54
23 9 54 115
24 9 54 255
25 9 115 9
26 9 115 54
27 9 115 115
28 9 115 255
29 9 255 9
30 9 255 54
31 9 255 115
32 17 255 121
33 17 255 255
34 17 17 17
35 17 17 62
36 17 17 121
37 17 17 255
38 17 62 17
39 17 62 62
40 17 62 121
41 17 62 255
42 17 121 17
43 17 121 62
44 17 121 121
45 17 121 255
46 17 255 17
47 17 255 62
48 27 255 69
49 27 255 126
50 27 255 255
51 27 27 27
52 27 27 69
53 27 27 126
54 27 27 255
55 27 69 27
56 27 69 69
57 27 69 126
58 27 69 255
59 27 126 27
60 27 126 69
61 27 126 126
62 27 126 255
63 27 255 27
64 47 0 47
65 47 0 109
66 47 0 255
67 47 47 0
68 37 37 37
69 37 37 102
70 37 37 255
71 47 109 0
72 37 102 37
73 37 102 102
74 37 102 255
75 47 255 0
76 37 255 37
77 37 255 102
78 37 255 255
79 47 0 0
80 54 9 9
81 54 9 54
82 54 9 115
83 54 9 255
84 54 54 9
85 47 47 47
86 47 47 109
87 47 47 255
88 54 115 9
89 47 109 47
90 47 109 109
91 47 109 255
92 54 255 9
93 47 255 47
94 47 255 109
95 47 255 255
96 58 255 255
97 62 17 17
98 62 17 62
99 62 17 121
100 62 17 255
101 62 62 17
102 58 58 58
103 58 58 118
104 58 58 255
105 62 121 17
106 58 118 58
107 58 118 118
108 58 118 255
109 62 255 17
110 58 255 58
111 58 255 118
112 69 255 126
113 69 255 255
114 69 27 27
115 69 27 69
116 69 27 126
117 69 27 255
118 69 69 27
119 69 69 69
120 69 69 126
121 69 69 255
122 69 126 27
123 69 126 69
124 69 126 126
125 69 126 255
126 69 255 27
127 69 255 69
128 109 0 109
129 109 0 255
130 109 47 0
131 102 37 37
132 102 37 102
133 102 37 255
134 109 109 0
135 102 102 37
136 81 81 81
137 81 81 255
138 109 255 0
139 102 255 37
140 81 255 81
141 81 255 255
142 109 0 0
143 109 0 47
144 115 9 54
145 115 9 115
146 115 9 255
147 115 54 9
148 109 47 47
149 109 47 109
150 109 47 255
151 115 115 9
152 109 109 47
153 95 95 95
154 95 95 255
155 115 255 9
156 109 255 47
157 95 255 95
158 95 255 255
159 115 9 9
160 121 17 17
161 121 17 62
162 121 17 121
163 121 17 255
164 121 62 17
165 118 58 58
166 118 58 118
167 118 58 255
168 121 121 17
169 118 118 58
170 109 109 109
171 109 109 255
172 121 255 17
173 118 255 58
174 109 255 109
175 109 255 255
176 126 255 255
177 126 27 27
178 126 27 69
179 126 27 126
180 126 27 255
181 126 69 27
182 126 69 69
183 126 69 126
184 126 69 255
185 126 126 27
186 126 126 69
187 126 126 126
188 126 126 255
189 126 255 27
190 126 255 69
191 126 255 126
192 255 0 255
193 255 47 0
194 255 37 37
195 255 37 102
196 255 37 255
197 255 109 0
198 255 102 37
199 255 81 81
200 255 81 255
201 255 255 0
202 255 255 37
203 255 255 81
204 144 144 144
205 255 0 0
206 255 0 47
207 255 0 109
208 255 9 115
209 255 9 255
210 255 54 9
211 255 47 47
212 255 47 109
213 255 47 255
214 255 115 9
215 255 109 47
216 255 95 95
217 255 95 255
218 255 255 9
219 255 255 47
220 255 255 95
221 167 167 167
222 255 9 9
223 255 9 54
224 255 17 62
225 255 17 121
226 255 17 255
227 255 62 17
228 255 58 58
229 255 58 118
230 255 58 255
231 255 121 17
232 255 118 58
233 255 109 109
234 255 109 255
235 255 255 17
236 255 255 58
237 255 255 109
238 197 197 197
239 255 17 17
240 255 27 27
241 255 27 69
242 255 27 126
243 255 27 255
244 255 69 27
245 255 69 69
246 255 69 126
247 255 69 255
248 255 126 27
249 255 126 69
250 255 126 126
251 255 126 255
252 255 255 27
253 255 255 69
254 255 255 126
255 255 255 255
