0 0 0 0
1 0 0 72
2 0 0 151
3 0 0 255
4 0 72 0
5 0 72 72
6 0 72 151
7 0 72 255
8 0 151 0
9 0 151 72
10 0 151 151
11 0 151 255
12 0 255 0
13 0 255 72
14 0 255 151
15 0 255 255
16 14 255 255
17 14 14 14
18 14 14 83
19 14 14 157
20 14 14 255
21 14 83 14
22 14 83 83
23 14 83 157
24 14 83 255
25 14 157 14
26 14 157 83
27 14 157 157
28 14 157 255
29 14 255 14
30 14 255 83
31 14 255 157
32 28 255 163
33 28 255 255
34 28 28 28
35 28 28 93
36 28 28 163
37 28 28 255
38 28 93 28
39 28 93 93
40 28 93 163
41 28 93 255
42 28 163 28
43 28 163 93
44 28 163 163
45 28 163 255
46 28 255 28
47 28 255 93
48 43 255 103
49 43 255 169
50 43 255 255
51 43 43 43
52 43 43 103
53 43 43 169
54 43 43 255
55 43 103 43
56 43 103 103
57 43 103 169
58 43 103 255
59 43 169 43
60 43 169 103
61 43 169 169
62 43 169 255
63 43 255 43
64 72 0 72
65 72 0 151
66 72 0 255
67 72 72 0
68 57 57 57
69 57 57 143
70 57 57 255
71 72 151 0
72 57 143 57
73 57 143 143
74 57 143 255
75 72 255 0
76 57 255 57
77 57 255 143
78 57 255 255
79 72 0 0
80 83 14 14
81 83 14 83
82 83 14 157
83 83 14 255
84 83 83 14
85 72 72 72
86 72 72 151
87 72 72 255
88 83 157 14
89 72 151 72
90 72 151 151
91 72 151 255
92 83 255 14
93 72 255 72
94 72 255 151
95 72 255 255
96 87 255 255
97 93 28 28
98 93 28 93
99 93 28 163
100 93 28 255
101 93 93 28
102 87 87 87
103 87 87 160
104 87 87 255
105 93 163 28
106 87 160 87
107 87 160 160
108 87 160 255
109 93 255 28
110 87 255 87
111 87 255 160
112 103 255 169
113 103 255 255
114 103 43 43
115 103 43 103
116 103 43 169
117 103 43 255
118 103 103 43
119 103 103 103
120 103 103 169
121 103 103 255
122 103 169 43
123 103 169 103
124 103 169 169
125 103 169 255
126 103 255 43
127 103 255 103
128 151 0 151
129 151 0 255
130 151 72 0
131 143 57 57
132 143 57 143
133 143 57 255
134 151 151 0
135 143 143 57
136 118 118 118
137 118 118 255
138 151 255 0
139 143 255 57
140 118 255 118
141 118 255 255
142 151 0 0
143 151 0 72
144 157 14 83
145 157 14 157
146 157 14 255
147 157 83 14
148 151 72 72
149 151 72 151
150 151 72 255
151 157 157 14
152 151 151 72
153 135 135 135
154 135 135 255
155 157 255 14
156 151 255 72
157 135 255 135
158 135 255 255
159 157 14 14
160 163 28 28
161 163 28 93
162 163 28 163
163 163 28 255
164 163 93 28
165 160 87 87
166 160 87 160
167 160 87 255
168 163 163 28
169 160 160 87
170 151 151 151
171 151 151 255
172 163 255 28
173 160 255 87
174 151 255 151
175 151 255 255
176 169 255 255
177 169 43 43
178 169 43 103
179 169 43 169
180 169 43 255
181 169 103 43
182 169 103 103
183 169 103 169
184 169 103 255
185 169 169 43
186 169 169 103
187 169 169 169
188 169 169 255
189 169 255 43
190 169 255 103
191 169 255 169
192 255 0 255
193 255 72 0
194 255 57 57
195 255 57 143
196 255 57 255
197 255 151 0
198 255 143 57
199 255 118 118
200 255 118 255
201 255 255 0
202 255 255 57
203 255 255 118
204 187 187 187
205 255 0 0
206 255 0 72
207 255 0 151
208 255 14 157
209 255 14 255
210 255 83 14
211 255 72 72
212 255 72 151
213 255 72 255
214 255 157 14
215 255 151 72
216 255 135 135
217 255 135 255
218 255 255 14
219 255 255 72
220 255 255 135
221 206 206 206
222 255 14 14
223 255 14 83
224 255 28 93
225 255 28 163
226 255 28 255
227 255 93 28
228 255 87 87
229 255 87 160
230 255 87 255
231 255 163 28
232 255 160 87
233 255 151 151
234 255 151 255
235 255 255 28
236 255 255 87
237 255 255 151
238 227 227 227
239 255 28 28
240 255 43 43
241 255 43 103
242 255 43 169
243 255 43 255
244 255 103 43
245 255 103 103
246 255 103 169
247 255 103 255
248 255 169 43
249 255 169 103
250 255 169 169
251 255 169 255
252 255 255 43
253 255 255 103
254 255 255 169
255 255 255 255
