0 255 255 255
1 252 252 252
2 248 248 248
3 244 244 244
4 240 240 240
5 236 236 236
6 232 232 232
7 228 228 228
8 224 224 224
9 220 220 220
10 216 216 216
11 212 212 212
12 208 208 208
13 204 204 204
14 200 200 200
15 196 196 196
16 192 192 192
17 188 188 188
18 184 184 184
19 180 180 180
20 176 176 176
21 172 172 172
22 168 168 168
23 164 164 164
24 160 160 160
25 156 156 156
26 152 152 152
27 148 148 148
28 144 144 144
29 140 140 140
30 136 136 136
31 132 132 132
32 128 128 128
33 124 124 124
34 120 120 120
35 116 116 116
36 112 112 112
37 108 108 108
38 104 104 104
39 100 100 100
40 96 96 96
41 92 92 92
42 88 88 88
43 84 84 84
44 80 80 80
45 76 76 76
46 72 72 72
47 68 68 68
48 64 64 64
49 60 60 60
50 56 56 56
51 52 52 52
52 48 48 48
53 44 44 44
54 40 40 40
55 36 36 36
56 32 32 32
57 28 28 28
58 24 24 24
59 20 20 20
60 16 16 16
61 12 12 12
62 8 8 8
63 4 4 4
64 1 1 1
65 5 5 5
66 9 9 9
67 13 13 13
68 17 17 17
69 21 21 21
70 25 25 25
71 29 29 29
72 33 33 33
73 37 37 37
74 41 41 41
75 45 45 45
76 49 49 49
77 53 53 53
78 57 57 57
79 61 61 61
80 65 65 65
81 69 69 69
82 73 73 73
83 77 77 77
84 81 81 81
85 85 85 85
86 89 89 89
87 93 93 93
88 97 97 97
89 101 101 101
90 105 105 105
91 109 109 109
92 113 113 113
93 117 117 117
94 121 121 121
95 125 125 125
96 129 129 129
97 133 133 133
98 137 137 137
99 141 141 141
100 145 145 145
101 149 149 149
102 153 153 153
103 157 157 157
104 161 161 161
105 165 165 165
106 169 169 169
107 173 173 173
108 177 177 177
109 181 181 181
110 185 185 185
111 189 189 189
112 193 193 193
113 197 197 197
114 201 201 201
115 205 205 205
116 209 209 209
117 213 213 213
118 217 217 217
119 221 221 221
120 225 225 225
121 229 229 229
122 233 233 233
123 237 237 237
124 241 241 241
125 245 245 245
126 249 249 249
127 253 253 253
128 254 254 254
129 250 250 250
130 246 246 246
131 242 242 242
132 238 238 238
133 234 234 234
134 230 230 230
135 226 226 226
136 222 222 222
137 218 218 218
138 214 214 214
139 210 210 210
140 206 206 206
141 202 202 202
142 198 198 198
143 194 194 194
144 190 190 190
145 186 186 186
146 182 182 182
147 178 178 178
148 174 174 174
149 170 170 170
150 166 166 166
151 162 162 162
152 158 158 158
153 154 154 154
154 150 150 150
155 146 146 146
156 142 142 142
157 138 138 138
158 134 134 134
159 130 130 130
160 126 126 126
161 122 122 122
162 118 118 118
163 114 114 114
164 110 110 110
165 106 106 106
166 102 102 102
167 98 98 98
168 94 94 94
169 90 90 90
170 86 86 86
171 82 82 82
172 78 78 78
173 74 74 74
174 70 70 70
175 66 66 66
176 62 62 62
177 58 58 58
178 54 54 54
179 50 50 50
180 46 46 46
181 42 42 42
182 38 38 38
183 34 34 34
184 30 30 30
185 26 26 26
186 22 22 22
187 18 18 18
188 14 14 14
189 10 10 10
190 6 6 6
191 2 2 2
192 3 3 3
193 7 7 7
194 11 11 11
195 15 15 15
196 19 19 19
197 23 23 23
198 27 27 27
199 31 31 31
200 35 35 35
201 39 39 39
202 43 43 43
203 47 47 47
204 51 51 51
205 55 55 55
206 59 59 59
207 63 63 63
208 67 67 67
209 71 71 71
210 75 75 75
211 79 79 79
212 83 83 83
213 87 87 87
214 91 91 91
215 95 95 95
216 99 99 99
217 103 103 103
218 107 107 107
219 111 111 111
220 115 115 115
221 119 119 119
222 123 123 123
223 127 127 127
224 131 131 131
225 135 135 135
226 139 139 139
227 143 143 143
228 147 147 147
229 151 151 151
230 155 155 155
231 159 159 159
232 163 163 163
233 167 167 167
234 171 171 171
235 175 175 175
236 179 179 179
237 183 183 183
238 187 187 187
239 191 191 191
240 195 195 195
241 199 199 199
242 203 203 203
243 207 207 207
244 211 211 211
245 215 215 215
246 219 219 219
247 223 223 223
248 227 227 227
249 231 231 231
250 235 235 235
251 239 239 239
252 243 243 243
253 247 247 247
254 251 251 251
255 255 255 255
