0 255 255 255
1 254 254 254
2 252 252 252
3 250 250 250
4 248 248 248
5 246 246 246
6 244 244 244
7 242 242 242
8 240 240 240
9 238 238 238
10 236 236 236
11 234 234 234
12 232 232 232
13 230 230 230
14 228 228 228
15 226 226 226
16 224 224 224
17 222 222 222
18 220 220 220
19 218 218 218
20 216 216 216
21 214 214 214
22 212 212 212
23 210 210 210
24 208 208 208
25 206 206 206
26 204 204 204
27 202 202 202
28 200 200 200
29 198 198 198
30 196 196 196
31 194 194 194
32 192 192 192
33 190 190 190
34 188 188 188
35 186 186 186
36 184 184 184
37 182 182 182
38 180 180 180
39 178 178 178
40 176 176 176
41 174 174 174
42 172 172 172
43 170 170 170
44 168 168 168
45 166 166 166
46 164 164 164
47 162 162 162
48 160 160 160
49 158 158 158
50 156 156 156
51 154 154 154
52 152 152 152
53 150 150 150
54 148 148 148
55 146 146 146
56 144 144 144
57 142 142 142
58 140 140 140
59 138 138 138
60 136 136 136
61 134 134 134
62 132 132 132
63 130 130 130
64 128 128 128
65 126 126 126
66 124 124 124
67 122 122 122
68 120 120 120
69 118 118 118
70 116 116 116
71 114 114 114
72 112 112 112
73 110 110 110
74 108 108 108
75 106 106 106
76 104 104 104
77 102 102 102
78 100 100 100
79 98 98 98
80 96 96 96
81 94 94 94
82 92 92 92
83 90 90 90
84 88 88 88
85 86 86 86
86 84 84 84
87 82 82 82
88 80 80 80
89 78 78 78
90 76 76 76
91 74 74 74
92 72 72 72
93 70 70 70
94 68 68 68
95 66 66 66
96 64 64 64
97 62 62 62
98 60 60 60
99 58 58 58
100 56 56 56
101 54 54 54
102 52 52 52
103 50 50 50
104 48 48 48
105 46 46 46
106 44 44 44
107 42 42 42
108 40 40 40
109 38 38 38
110 36 36 36
111 34 34 34
112 32 32 32
113 30 30 30
114 28 28 28
115 26 26 26
116 24 24 24
117 22 22 22
118 20 20 20
119 18 18 18
120 16 16 16
121 14 14 14
122 12 12 12
123 10 10 10
124 8 8 8
125 6 6 6
126 4 4 4
127 2 2 2
128 1 1 1
129 3 3 3
130 5 5 5
131 7 7 7
132 9 9 9
133 11 11 11
134 13 13 13
135 15 15 15
136 17 17 17
137 19 19 19
138 21 21 21
139 23 23 23
140 25 25 25
141 27 27 27
142 29 29 29
143 31 31 31
144 33 33 33
145 35 35 35
146 37 37 37
147 39 39 39
148 41 41 41
149 43 43 43
150 45 45 45
151 47 47 47
152 49 49 49
153 51 51 51
154 53 53 53
155 55 55 55
156 57 57 57
157 59 59 59
158 61 61 61
159 63 63 63
160 65 65 65
161 67 67 67
162 69 69 69
163 71 71 71
164 73 73 73
165 75 75 75
166 77 77 77
167 79 79 79
168 81 81 81
169 83 83 83
170 85 85 85
171 87 87 87
172 89 89 89
173 91 91 91
174 93 93 93
175 95 95 95
176 97 97 97
177 99 99 99
178 101 101 101
179 103 103 103
180 105 105 105
181 107 107 107
182 109 109 109
183 111 111 111
184 113 113 113
185 115 115 115
186 117 117 117
187 119 119 119
188 121 121 121
189 123 123 123
190 125 125 125
191 127 127 127
192 129 129 129
193 131 131 131
194 133 133 133
195 135 135 135
196 137 137 137
197 139 139 139
198 141 141 141
199 143 143 143
200 145 145 145
201 147 147 147
202 149 149 149
203 151 151 151
204 153 153 153
205 155 155 155
206 157 157 157
207 159 159 159
208 161 161 161
209 163 163 163
210 165 165 165
211 167 167 167
212 169 169 169
213 171 171 171
214 173 173 173
215 175 175 175
216 177 177 177
217 179 179 179
218 181 181 181
219 183 183 183
220 185 185 185
221 187 187 187
222 189 189 189
223 191 191 191
224 193 193 193
225 195 195 195
226 197 197 197
227 199 199 199
228 201 201 201
229 203 203 203
230 205 205 205
231 207 207 207
232 209 209 209
233 211 211 211
234 213 213 213
235 215 215 215
236 217 217 217
237 219 219 219
238 221 221 221
239 223 223 223
240 225 225 225
241 227 227 227
242 229 229 229
243 231 231 231
244 233 233 233
245 235 235 235
246 237 237 237
247 239 239 239
248 241 241 241
249 243 243 243
250 245 245 245
251 247 247 247
252 249 249 249
253 251 251 251
254 253 253 253
255 255 255 255
