0 0 0 0
1 128 0 0
2 255 0 0
3 0 0 255
4 0 0 255
5 0 0 255
6 128 0 255
7 255 0 255
8 0 26 0
9 8 22 0
10 15 18 0
11 135 0 0
12 255 0 0
13 0 23 15
14 8 19 15
15 15 15 15
16 135 0 15
17 255 0 15
18 0 0 255
19 8 0 255
20 15 0 255
21 135 0 255
22 255 0 255
23 0 52 0
24 15 44 0
25 30 36 0
26 143 0 0
27 255 0 0
28 0 46 30
29 15 38 30
30 30 30 30
31 143 0 30
32 255 0 30
33 0 2 255
34 15 0 255
35 30 0 255
36 143 0 255
37 255 0 255
38 0 77 0
39 23 65 0
40 45 54 0
41 150 1 0
42 255 0 0
43 0 68 45
44 23 57 45
45 45 45 45
46 150 0 45
47 255 0 45
48 0 28 255
49 23 16 255
50 45 5 255
51 150 0 255
52 255 0 255
53 0 103 0
54 30 87 0
55 60 72 0
56 158 22 0
57 255 0 0
58 0 91 60
59 30 76 60
60 60 60 60
61 158 11 60
62 255 0 60
63 0 53 255
64 30 38 255
65 60 23 255
66 158 0 255
67 255 0 255
68 0 128 0
69 38 109 0
70 75 90 0
71 165 44 0
72 255 0 0
73 0 114 75
74 38 94 75
75 75 75 75
76 165 30 75
77 255 0 75
78 0 79 255
79 38 59 255
80 75 41 255
81 165 0 255
82 255 0 255
83 0 154 0
84 45 131 0
85 90 108 0
86 173 66 0
87 255 24 0
88 0 136 90
89 45 113 90
90 90 90 90
91 173 48 90
92 255 6 90
93 0 104 255
94 45 81 255
95 90 58 255
96 173 16 255
97 255 0 255
98 0 179 0
99 53 152 0
100 105 126 0
101 180 88 0
102 255 49 0
103 0 159 105
104 53 132 105
105 105 105 105
106 180 67 105
107 255 29 105
108 0 130 255
109 53 103 255
110 105 76 255
111 180 38 255
112 255 0 255
113 0 205 0
114 60 174 0
115 120 144 0
116 188 109 0
117 255 75 0
118 0 182 120
119 60 151 120
120 120 120 120
121 188 86 120
122 255 52 120
123 0 155 255
124 60 125 255
125 120 94 255
126 188 60 255
127 255 26 255
128 0 230 0
129 68 196 0
130 135 162 0
131 195 131 0
132 255 101 0
133 0 204 135
134 68 170 135
135 135 135 135
136 195 105 135
137 255 74 135
138 0 181 255
139 68 146 255
140 135 112 255
141 195 82 255
142 255 51 255
143 0 255 0
144 75 218 0
145 150 180 0
146 203 153 0
147 255 126 0
148 0 227 150
149 75 189 150
150 150 150 150
151 203 124 150
152 255 97 150
153 0 207 255
154 75 168 255
155 150 130 255
156 203 103 255
157 255 77 255
158 0 255 0
159 83 239 0
160 165 198 0
161 210 175 0
162 255 152 0
163 0 250 165
164 83 207 165
165 165 165 165
166 210 143 165
167 255 120 165
168 0 232 255
169 83 190 255
170 165 148 255
171 210 125 255
172 255 102 255
173 0 255 0
174 90 255 0
175 180 215 0
176 218 196 0
177 255 177 0
178 0 255 180
179 90 226 180
180 180 180 180
181 218 161 180
182 255 142 180
183 0 255 255
184 90 212 255
185 180 166 255
186 218 147 255
187 255 128 255
188 0 255 0
189 98 255 0
190 195 233 0
191 225 218 0
192 255 203 0
193 0 255 195
194 98 245 195
195 195 195 195
196 225 180 195
197 255 165 195
198 0 255 255
199 98 233 255
200 195 184 255
201 225 169 255
202 255 153 255
203 0 255 0
204 105 255 0
205 210 251 0
206 233 240 0
207 255 228 0
208 0 255 210
209 105 255 210
210 210 210 210
211 233 199 210
212 255 188 210
213 0 255 255
214 105 255 255
215 210 202 255
216 233 190 255
217 255 179 255
218 0 255 0
219 113 255 0
220 225 255 0
221 240 255 0
222 255 254 0
223 0 255 225
224 113 255 225
225 225 225 225
226 240 218 225
227 255 210 225
228 0 255 255
229 113 255 255
230 225 220 255
231 240 212 255
232 255 204 255
233 0 255 0
234 120 255 0
235 240 255 0
236 248 255 0
237 255 255 0
238 0 255 240
239 120 255 240
240 240 240 240
241 248 236 240
242 255 233 240
243 0 255 255
244 120 255 255
245 240 238 255
246 248 234 255
247 255 230 255
248 0 255 0
249 128 255 0
250 255 255 0
251 255 255 0
252 255 255 0
253 0 255 255
254 128 255 255
255 255 255 255
