0 0 0 0
1 15 15 15
2 15 6 66
3 30 30 30
4 30 1 183
5 30 11 132
6 30 21 81
7 81 5 30
8 45 45 45
9 45 6 249
10 45 16 198
11 96 0 147
12 45 26 147
13 96 10 96
14 45 36 96
15 96 20 45
16 60 60 60
17 9 86 60
18 162 18 9
19 111 44 9
20 60 70 9
21 9 96 9
22 111 5 213
23 60 31 213
24 9 57 213
25 111 15 162
26 60 41 162
27 9 67 162
28 111 25 111
29 60 51 111
30 9 77 111
31 162 9 60
32 111 35 60
33 75 75 75
34 24 101 75
35 228 7 24
36 177 33 24
37 126 59 24
38 75 85 24
39 24 111 24
40 126 20 228
41 75 46 228
42 24 72 228
43 177 4 177
44 126 30 177
45 75 56 177
46 24 82 177
47 177 14 126
48 126 40 126
49 75 66 126
50 24 92 126
51 177 24 75
52 126 50 75
53 90 90 90
54 39 116 90
55 243 22 39
56 192 48 39
57 141 74 39
58 90 100 39
59 39 126 39
60 192 9 243
61 141 35 243
62 90 61 243
63 39 87 243
64 192 19 192
65 141 45 192
66 90 71 192
67 39 97 192
68 243 3 141
69 192 29 141
70 141 55 141
71 90 81 141
72 39 107 141
73 243 13 90
74 192 39 90
75 141 65 90
76 105 105 105
77 54 131 105
78 3 157 105
79 207 63 54
80 156 89 54
81 105 115 54
82 54 141 54
83 3 167 54
84 207 73 3
85 156 99 3
86 105 125 3
87 54 151 3
88 3 177 3
89 207 34 207
90 156 60 207
91 105 86 207
92 54 112 207
93 3 138 207
94 207 44 156
95 156 70 156
96 105 96 156
97 54 122 156
98 3 148 156
99 207 54 105
100 156 80 105
101 120 120 120
102 69 146 120
103 18 172 120
104 222 78 69
105 171 104 69
106 120 130 69
107 69 156 69
108 18 182 69
109 222 88 18
110 171 114 18
111 120 140 18
112 69 166 18
113 18 192 18
114 222 49 222
115 171 75 222
116 120 101 222
117 69 127 222
118 18 153 222
119 222 59 171
120 171 85 171
121 120 111 171
122 69 137 171
123 18 163 171
124 222 69 120
125 171 95 120
126 135 135 135
127 84 161 135
128 33 187 135
129 237 93 84
130 186 119 84
131 135 145 84
132 84 171 84
133 33 197 84
134 237 103 33
135 186 129 33
136 135 155 33
137 84 181 33
138 33 207 33
139 237 64 237
140 186 90 237
141 135 116 237
142 84 142 237
143 33 168 237
144 237 74 186
145 186 100 186
146 135 126 186
147 84 152 186
148 33 178 186
149 237 84 135
150 186 110 135
151 150 150 150
152 99 176 150
153 48 202 150
154 252 108 99
155 201 134 99
156 150 160 99
157 99 186 99
158 48 212 99
159 252 118 48
160 201 144 48
161 150 170 48
162 99 196 48
163 48 222 48
164 252 79 252
165 201 105 252
166 150 131 252
167 99 157 252
168 48 183 252
169 252 89 201
170 201 115 201
171 150 141 201
172 99 167 201
173 48 193 201
174 252 99 150
175 201 125 150
176 165 165 165
177 114 191 165
178 63 217 165
179 12 243 165
180 216 149 114
181 165 175 114
182 114 201 114
183 63 227 114
184 12 253 114
185 216 159 63
186 165 185 63
187 114 211 63
188 63 237 63
189 216 169 12
190 165 195 12
191 114 221 12
192 63 247 12
193 216 130 216
194 165 156 216
195 114 182 216
196 63 208 216
197 12 234 216
198 216 140 165
199 180 180 180
200 129 206 180
201 78 232 180
202 231 164 129
203 180 190 129
204 129 216 129
205 78 242 129
206 231 174 78
207 180 200 78
208 129 226 78
209 78 252 78
210 231 184 27
211 180 210 27
212 129 236 27
213 231 145 231
214 180 171 231
215 129 197 231
216 78 223 231
217 27 249 231
218 231 155 180
219 195 195 195
220 144 221 195
221 93 247 195
222 246 179 144
223 195 205 144
224 144 231 144
225 246 189 93
226 195 215 93
227 144 241 93
228 246 199 42
229 195 225 42
230 144 251 42
231 246 160 246
232 195 186 246
233 144 212 246
234 93 238 246
235 246 170 195
236 159 255 108
237 210 210 210
238 159 236 210
239 210 220 159
240 159 246 159
241 210 230 108
242 210 240 57
243 210 250 6
244 225 225 225
245 174 251 225
246 225 235 174
247 225 245 123
248 225 255 72
249 240 240 240
250 240 250 189
251 251 251 251
252 252 252 252
253 253 253 253
254 254 254 254
255 255 255 255
