    479    1137    8065 arp.c
    238     486    3959 auth.c
    519    1285    8723 bit.c
    845    1997   13555 chk.c
    211     447    3302 clock.c
    694    1624   11896 con.c
    245     519    3537 console.c
   2090    5377   38096 cw.c
    548    1233    9173 cyclone.c
    150     517    3934 data.c
    194     473    3273 dentry.c
    276     605    3882 devcons.c
    242     496    3550 dk1.c
    345     937    6571 dk2.c
    202     436    3418 dk3.c
    584    1796   12620 eagle.c
    413     714    5831 fcall.c
    802    1912   12890 fcmd.c
   1337    3419   23006 fs.c
    105     251    1741 fworm.c
    643    1620   11372 hsvme.c
    929    1972   16172 il.c
    342     833    5559 iobuf.c
    216     546    3605 ip.c
    602    1588   10683 jaguar.c
    455     997    7136 main.c
    132     289    1650 mworm.c
    292     621    3582 print.c
    386     793    5568 proc.c
   1270    2621   18464 sub.c
    410    1091    6267 time.c
   1013    2916   18223 worm.c
    132     368    2229 wren.c
  17341   41916  291532 total
