16 16
 64  69  77  87  86  76  68  67  63  58  50  40  41  51  59  60
 70  94 100 109 108  99  93  75  57  33  27  18  19  28  34  52
 78 101 114 116 115 112  98  83  49  26  13  11  12  15  29  44
 88 110 123 124 125 118 107  85  39  17   4   3   2   9  20  42
 89 111 122 127 126 117 106  84  38  16   5   0   1  10  21  43
 79 102 119 121 120 113  97  82  48  25   8   6   7  14  30  45
 71  95 103 104 105  96  92  74  56  32  24  23  22  31  35  53
 65  72  80  90  91  81  73  66  62  55  47  37  36  46  54  61
 63  58  50  40  41  51  59  60  64  69  77  87  86  76  68  67 
 57  33  27  18  19  28  34  52  70  94 100 109 108  99  93  75
 49  26  13  11  12  15  29  44  78 101 114 116 115 112  98  83
 39  17   4   3   2   9  20  42  88 110 123 124 125 118 107  85
 38  16   5   0   1  10  21  43  89 111 122 127 126 117 106  84
 48  25   8   6   7  14  30  45  79 102 119 121 120 113  97  82
 56  32  24  23  22  31  35  53  71  95 103 104 105  96  92  74
 62  55  47  37  36  46  54  61  65  72  80  90  91  81  73  66
