34 34
12 29 13 30  1 18  5 22 15 32  8 25 16 33  3 20  4 21 14 31  6 23  2 19  9 26 11 28 10 27  7 24  0 17 
33  3 20  4 21 14 31  6 23  2 19  9 26 11 28 10 27  7 24  0 17 12 29 13 30  1 18  5 22 15 32  8 25 16 
11 28 10 27  7 24  0 17 12 29 13 30  1 18  5 22 15 32  8 25 16 33  3 20  4 21 14 31  6 23  2 19  9 26 
18  5 22 15 32  8 25 16 33  3 20  4 21 14 31  6 23  2 19  9 26 11 28 10 27  7 24  0 17 12 29 13 30  1 
14 31  6 23  2 19  9 26 11 28 10 27  7 24  0 17 12 29 13 30  1 18  5 22 15 32  8 25 16 33  3 20  4 21 
24  0 17 12 29 13 30  1 18  5 22 15 32  8 25 16 33  3 20  4 21 14 31  6 23  2 19  9 26 11 28 10 27  7 
 8 25 16 33  3 20  4 21 14 31  6 23  2 19  9 26 11 28 10 27  7 24  0 17 12 29 13 30  1 18  5 22 15 32 
19  9 26 11 28 10 27  7 24  0 17 12 29 13 30  1 18  5 22 15 32  8 25 16 33  3 20  4 21 14 31  6 23  2 
13 30  1 18  5 22 15 32  8 25 16 33  3 20  4 21 14 31  6 23  2 19  9 26 11 28 10 27  7 24  0 17 12 29 
20  4 21 14 31  6 23  2 19  9 26 11 28 10 27  7 24  0 17 12 29 13 30  1 18  5 22 15 32  8 25 16 33  3 
10 27  7 24  0 17 12 29 13 30  1 18  5 22 15 32  8 25 16 33  3 20  4 21 14 31  6 23  2 19  9 26 11 28 
22 15 32  8 25 16 33  3 20  4 21 14 31  6 23  2 19  9 26 11 28 10 27  7 24  0 17 12 29 13 30  1 18  5 
 6 23  2 19  9 26 11 28 10 27  7 24  0 17 12 29 13 30  1 18  5 22 15 32  8 25 16 33  3 20  4 21 14 31 
17 12 29 13 30  1 18  5 22 15 32  8 25 16 33  3 20  4 21 14 31  6 23  2 19  9 26 11 28 10 27  7 24  0 
16 33  3 20  4 21 14 31  6 23  2 19  9 26 11 28 10 27  7 24  0 17 12 29 13 30  1 18  5 22 15 32  8 25 
26 11 28 10 27  7 24  0 17 12 29 13 30  1 18  5 22 15 32  8 25 16 33  3 20  4 21 14 31  6 23  2 19  9 
 1 18  5 22 15 32  8 25 16 33  3 20  4 21 14 31  6 23  2 19  9 26 11 28 10 27  7 24  0 17 12 29 13 30 
21 14 31  6 23  2 19  9 26 11 28 10 27  7 24  0 17 12 29 13 30  1 18  5 22 15 32  8 25 16 33  3 20  4 
 7 24  0 17 12 29 13 30  1 18  5 22 15 32  8 25 16 33  3 20  4 21 14 31  6 23  2 19  9 26 11 28 10 27 
32  8 25 16 33  3 20  4 21 14 31  6 23  2 19  9 26 11 28 10 27  7 24  0 17 12 29 13 30  1 18  5 22 15 
 2 19  9 26 11 28 10 27  7 24  0 17 12 29 13 30  1 18  5 22 15 32  8 25 16 33  3 20  4 21 14 31  6 23 
29 13 30  1 18  5 22 15 32  8 25 16 33  3 20  4 21 14 31  6 23  2 19  9 26 11 28 10 27  7 24  0 17 12 
 3 20  4 21 14 31  6 23  2 19  9 26 11 28 10 27  7 24  0 17 12 29 13 30  1 18  5 22 15 32  8 25 16 33 
28 10 27  7 24  0 17 12 29 13 30  1 18  5 22 15 32  8 25 16 33  3 20  4 21 14 31  6 23  2 19  9 26 11 
 5 22 15 32  8 25 16 33  3 20  4 21 14 31  6 23  2 19  9 26 11 28 10 27  7 24  0 17 12 29 13 30  1 18 
31  6 23  2 19  9 26 11 28 10 27  7 24  0 17 12 29 13 30  1 18  5 22 15 32  8 25 16 33  3 20  4 21 14 
 0 17 12 29 13 30  1 18  5 22 15 32  8 25 16 33  3 20  4 21 14 31  6 23  2 19  9 26 11 28 10 27  7 24 
25 16 33  3 20  4 21 14 31  6 23  2 19  9 26 11 28 10 27  7 24  0 17 12 29 13 30  1 18  5 22 15 32  8 
 9 26 11 28 10 27  7 24  0 17 12 29 13 30  1 18  5 22 15 32  8 25 16 33  3 20  4 21 14 31  6 23  2 19 
30  1 18  5 22 15 32  8 25 16 33  3 20  4 21 14 31  6 23  2 19  9 26 11 28 10 27  7 24  0 17 12 29 13 
 4 21 14 31  6 23  2 19  9 26 11 28 10 27  7 24  0 17 12 29 13 30  1 18  5 22 15 32  8 25 16 33  3 20 
27  7 24  0 17 12 29 13 30  1 18  5 22 15 32  8 25 16 33  3 20  4 21 14 31  6 23  2 19  9 26 11 28 10 
15 32  8 25 16 33  3 20  4 21 14 31  6 23  2 19  9 26 11 28 10 27  7 24  0 17 12 29 13 30  1 18  5 22 
23  2 19  9 26 11 28 10 27  7 24  0 17 12 29 13 30  1 18  5 22 15 32  8 25 16 33  3 20  4 21 14 31  6 
