17 17
 7 10 14 11  3  2  6  4  0  1  9 12  8  5 13 16 15 
 3  2  6  4  0  1  9 12  8  5 13 16 15  7 10 14 11 
 0  1  9 12  8  5 13 16 15  7 10 14 11  3  2  6  4 
 8  5 13 16 15  7 10 14 11  3  2  6  4  0  1  9 12 
15  7 10 14 11  3  2  6  4  0  1  9 12  8  5 13 16 
11  3  2  6  4  0  1  9 12  8  5 13 16 15  7 10 14 
 4  0  1  9 12  8  5 13 16 15  7 10 14 11  3  2  6 
12  8  5 13 16 15  7 10 14 11  3  2  6  4  0  1  9 
16 15  7 10 14 11  3  2  6  4  0  1  9 12  8  5 13 
14 11  3  2  6  4  0  1  9 12  8  5 13 16 15  7 10 
 6  4  0  1  9 12  8  5 13 16 15  7 10 14 11  3  2 
 9 12  8  5 13 16 15  7 10 14 11  3  2  6  4  0  1 
13 16 15  7 10 14 11  3  2  6  4  0  1  9 12  8  5 
10 14 11  3  2  6  4  0  1  9 12  8  5 13 16 15  7 
 2  6  4  0  1  9 12  8  5 13 16 15  7 10 14 11  3 
 1  9 12  8  5 13 16 15  7 10 14 11  3  2  6  4  0 
 5 13 16 15  7 10 14 11  3  2  6  4  0  1  9 12  8 
