ad,1,0,		116.4,	34,56,55,	138,31,23,	60,60,
ay,1,0, 	115.6,	36,04,10,	146,57,53,	60,60,
as,1,0, 	115.9,	23,47,40,	133,52,37,	60,60,
am,1,0, 	114.7,	27,38,35,	152,42,54,	60,60,
ars,1,0, 	115.8,	34,25,05,	137,53,31,	60,60,
arg,1,0, 	113.9,	16,37,59,	128,26,51,	60,60,
biu,1,0, 	114.3,	30,35,43,	116,46,42,	60,60,
bib,1,0, 	112.3,	16,55,06,	145,24,39,	60,60,
bik,1,0, 	116.8,	34,10,49,	150,06,20,	60,60,
bn,1,0, 	113.2,	27,22,04,	153,08,18,	60,60,
bh,1,0, 	114.2,	32,00,08,	141,28,42,	60,60,
cag,1,0, 	112.5,	32,15,53,	125,29,36,	60,60,
cs,1,0, 	113.0,	16,51,05,	145,44,35,	60,60,
cb,1,0, 	116.7,	35,16,59,	149,11,40,	60,60,
ch,1,0, 	117.0,	30,19,15,	153,06,54,	60,60,
cg,1,0, 	112.3,	28,10,14,	153,30,10,	60,60,
cws,1,0, 	117.6,	38,30,33,	145,12,44,	60,60,
cwr,1,0, 	112.4,	33,50,58,	148,38,40,	60,60,
cmu,1,0, 	115.5,	28,02,25,	145,37,15,	60,60,
dn,1,0, 	113.7,	12,24,16,	130,51,46,	60,60,
db,1,0, 	112.0,	17,22,27,	123,39,27,	60,60,
dv,1,0, 	116.3,	41,10,18,	146,25,59,	60,60,
du,1,0, 	114.4,	32,13,16,	148,34,35,	60,60,
elw,1,0, 	112.3,	37,12,28,	145,50,02,	60,60,
esp,1,0, 	114.2,	33,40,54,	121,49,20,	60,60,
gla,1,0, 	116.3,	23,52,01,	151,12,12,	60,60,
gv,1,0, 	114.1,	12,16,02,	136,48,55,	60,60,
gth,1,0, 	114.8,	34,15,04,	146,03,51,	60,60,
hm,1,0, 	114.4,	20,21,11,	148,57,20,	60,60,
hb,1,0, 	112.7,	42,50,55,	147,31,31,	60,60,
jcw,1,0, 	116.5,	27,45,47,	153,20,03,	60,60,
kg,1,0, 	112.7,	30,46,33,	121,27,12,	60,60,
ka,1,0, 	117.3,	20,42,59,	116,46,21,	60,60,
ku,1,0, 	116.5,	15,46,37,	128,42,28,	60,60,
lav,1,0, 	117.8,	28,05,29,	152,55,25,	60,60,
lt,1,0, 	112.6,	41,32,44,	147,12,42,	60,60,
lm,1,0, 	112.4,	22,14,10,	114,05,34,	60,60,
lc,1,0, 	117.8,	30,35,55,	138,25,35,	60,60,
lr,1,0, 	117.9,	23,25,38,	144,16,46,	60,60,
mk,1,0, 	112.7,	21,10,37,	149,10,47,	60,60,
mly,1,0, 	115.9,	26,44,47,	152,45,37,	60,60,
mco,1,0, 	117.5,	37,35,52,	149,43,01,	60,60,
mng,1,0, 	113.2,	36,53,15,	145,11,34,	60,60,
mc,1,0, 	114.2,	26,35,57,	153,05,21,	60,60,
mr,1,0, 	112.9,	26,36,30,	118,31,52,	60,60,
ml,1,0, 	114.1,	37,39,42,	144,50,27,	60,60,
fth,1,0, 	115.3,	37,30,00,	144,48,17,	60,60,
mi,1,0, 	112.5,	34,13,41,	142,04,53,	60,60,
mg,1,0, 	117.0,	37,45,10,	140,47,02,	60,60,
mtp,1,0, 	117.9,	34,08,11,	135,20,18,	60,60,
ma,1,0, 	117.5,	20,39,58,	139,29,05,	60,60,
lvg,1,0, 	117.2,	37,08,33,	147,33,03,	60,60,
mqd,1,0, 	117.3,	33,06,36,	151,08,18,	60,60,
mso,1,0, 	115.3,	31,23,21,	151,24,35,	60,60,
mdg,1,0, 	112.2,	32,33,45,	149,35,33,	60,60,
nar,1,0, 	116.3,	34,42,13,	146,30,56,	60,60,
nya,1,0, 	112.8,	34,58,14,	143,13,53,	60,60,
wlm,1,0, 	113.3,	32,47,55,	151,49,55,	60,60,
nhl,1,0, 	116.5,	36,19,02,	141,38,39,	60,60,
nw,1,0, 	116.4,	34,57,06,	150,31,56,	60,60,
ok,1,0, 	112.9,	27,24,06,	151,44,11,	60,60,
pbo,1,0, 	116.9,	23,10,26,	117,44,08,	60,60,
pks,1,0, 	113.4,	33,07,58,	148,14,10,	60,60,
pe,1,0, 	113.1,	31,40,31,	116,00,57,	60,60,
ph,1,0, 	113.7,	31,56,46,	115,57,28,	60,60,
plo,1,0, 	116.2,	30,29,39,	152,21,29,	60,60,
pd,1,0, 	114.1,	20,22,47,	118,37,17,	60,60,
pn,1,0, 	113.7,	20,29,54,	148,33,06,	60,60,
ri,1,0, 	117.1,	33,36,32,	150,47,52,	60,60,
rk,1,0, 	116.9,	23,23,04,	150,28,15,	60,60,
sy,1,0,		115.4,	33,56,43,	151,10,15,	60,60,
tw,1,0, 	114.1,	31,05,20,	150,50,30,	60,60,
tam,1,0, 	112.8,	25,48,20,	149,53,39,	60,60,
tc,1,0, 	112.9,	19,38,10,	134,10,49,	60,60,
tn,1,0, 	112.3,	14,29,38,	132,21,07,	60,60,
tl,1,0, 	114.1,	19,14,45,	146,45,25,	60,60,
wg,1,0, 	115.0,	35,10,02,	147,28,04,	60,60,
wlg,1,0, 	117.6,	30,01,49,	148,07,38,	60,60,
wjs,1,0, 	117.9,	35,15,43,	148,39,59,	60,60,
wp,1,0, 	112.8,	12,40,30,	141,55,17,	60,60,
wmd,1,0, 	113.7,	32,45,51,	151,32,04,	60,60,
wle,1,0, 	113.0,	35,33,56,	149,10,35,	60,60,
won,1,0, 	115.9,	38,28,22,	145,37,20,	60,60,
wy,1,0, 	115.8,	41,00,03,	145,43,30,	60,60,
ywe,1,0, 	114.3,	37,44,24,	143,45,13,	60,60,

aa1,1,0, 	112.5,	37,00,38,	174,48,25,	0,0,
ch1,1,0, 	112.1,	43,29,27,	172,31,42,	0,0,
nv1,1,0, 	112.9,	46,24,48,	168,19,04,	0,0,
nn1,1,0, 	112.5,	17,39,10,	177,23,58,	0,0,
ns1,1,0, 	114.1,	41,17,48,	173,08,00,	0,0,
oh1,1,0, 	109.0,	40,12,50,	175,23,08,	0,0,
vli1,1,0, 	114.3,	17,39,59,	168,14,11,	0,0,
fnd1,1,0, 	112.9,	22,00,46,	166,12,34,	0,0,
wn1,1,0, 	112.3,	41,20,21,	174,49,01,	0,0,
wp1,1,0, 	108.8,	36,47,14,	174,37,51,	0,0,

ad,2,0,		362,	34,56,53,	138,32,41,	130,85,
psv,2,0,	236,	35,05,57,	138,29,26,	45,45,
mby,2,0,	377,	34,50,02,	138,41,51,	70,70,
pf,2,0,		416,	34,48,04,	138,36,57,	35,35,
plx,2,0, 	203,	33,04,08,	151,38,50,	0,0,
al,2,0, 	240,	34,57,12,	117,48,32,	100,60,
ay,2,0, 	236,	36,04,13,	146,58,06,	65,65,
as,2,0, 	224,	23,46,46,	133,52,20,	110,90,
spg,2,0,	362,	23,43,25,	133,44,40,	35,35,
tpb,2,0,	352,	23,44,47,	133,47,16,	35,35,
way,2,0,	372,	23,52,30,	134,01,38,	35,35,
am,2,0, 	359,	27,39,00,	152,43,18,	125,85,
amk,2,0, 	206,	30,27,18,	137,09,55,	45,45,
ars,2,0, 	398,	34,24,56,	137,55,23,	75,75,
arm,2,0, 	401,	30,32,06,	151,36,47,	50,50,
av,2,0, 	260,	38,01,10,	144,28,11,	35,35,
rpy,2,0, 	224,	37,53,38,	144,29,26,	40,40,
bns,2,0, 	212,	37,52,55,	147,34,10,	35,35,
bgo,2,0, 	206,	20,08,14,	127,59,15,	70,70,
blt,2,0, 	239,	37,30,54,	143,47,21,	30,30,
biu,2,0, 	389,	30,35,34,	116,46,05,	70,70,
bna,2,0, 	206,	28,49,42,	153,34,32,	25,25,
bar,2,0, 	332,	23,33,39,	145,17,45,	40,40,
bwx,2,0, 	206,	20,51,27,	115,24,17,	75,75,
bth,2,0, 	383,	33,24,56,	149,39,21,	30,30,
bdg,2,0, 	245,	36,44,23,	144,12,47,	60,60,
bdv,2,0, 	413,	25,53,52,	139,21,16,	40,40,
bck,2,0, 	203,	24,25,43,	145,25,57,	40,40,
bhn,2,0, 	203,	36,12,36,	146,18,18,	45,45,
bor,2,0, 	251,	36,23,31,	140,45,00,	100,75,
bou,2,0, 	212,	22,54,58,	139,54,21,	40,40,
bke,2,0, 	389,	30,02,43,	145,57,00,	45,45,
bwn,2,0, 	292,	20,01,22,	148,12,51,	35,35,
brw,2,0, 	281,	29,58,34,	146,48,38,	55,55,
bn,2,0, 	302,	27,24,29,	153,05,49,	150,70,
af,2,0, 	419,	27,34,13,	153,00,59,	30,30,
bh,2,0, 	332,	31,59,37,	141,28,02,	150,85,
bml,2,0, 	374,	27,58,04,	152,53,59,	50,50,
br,2,0, 	320,	17,56,22,	122,13,42,	80,60,
bru,2,0, 	248,	18,38,34,	135,57,05,	60,60,
bu,2,0, 	266,	24,53,54,	152,19,11,	65,60,
cs,2,0, 	364,	16,50,55,	145,44,04,	50,50,
buc,2,0, 	380,	16,44,33,	145,40,07,	40,40,
caa,2,0, 	392,	33,24,16,	151,12,37,	15,15,
cn,2,0, 	281,	34,02,25,	150,41,25,	35,35,
cmw,2,0, 	254,	19,54,40,	138,06,40,	80,65,
cb,2,0, 	263,	35,17,55,	149,11,21,	40,40,
cck,2,0, 	248,	35,27,57,	149,11,37,	20,20,
hsk,2,0, 	272,	35,20,23,	149,11,42,	25,25,
cr,2,0, 	323,	24,52,37,	113,39,20,	120,85,
cas,2,0, 	332,	28,52,35,	153,02,54,	60,60,
cd,2,0, 	293,	32,07,41,	133,43,32,	110,85,
chk,2,0, 	206,	34,14,03,	149,54,24,	45,45,
cv,2,0, 	269,	26,25,18,	146,14,52,	110,85,
xmx,2,0, 	341,	10,25,54,	105,41,06,	200,110,
ckl,2,0, 	200,	31,41,07,	116,33,36,	40,40,
cmt,2,0, 	209,	22,46,28,	147,37,26,	35,35,
ccy,2,0, 	264,	20,40,02,	140,30,00,	75,75,
cba,2,0, 	395,	31,32,31,	145,47,58,	45,45,
cc,2,0, 	305,	12,08,42,	96,49,10,	400,150,
cil,2,0, 	388,	12,10,16,	96,49,16,	20,20,
coe,2,0, 	404,	13,46,01,	143,06,52,	32,32,
ch,2,0, 	311,	30,18,50,	153,06,58,	75,60,
cdo,2,0, 	401,	33,04,20,	147,13,00,	40,40,
cbp,2,0, 	215,	29,00,58,	134,45,08,	45,45,
ckn,2,0, 	260,	15,28,58,	145,14,53,	40,40,
cg,2,0, 	278,	28,09,54,	153,30,00,	60,60,
cm,2,0, 	293,	36,21,00,	148,57,40,	85,75,
cbb,2,0, 	200,	31,19,50,	149,16,00,	45,45,
cnm,2,0, 	206,	30,58,30,	148,22,50,	35,35,
ctm,2,0, 	404,	34,37,47,	148,01,52,	35,35,
cor,2,0, 	380,	35,59,20,	146,21,25,	85,75,
crg,2,0, 	386,	36,08,53,	147,51,38,	55,55,
cws,2,0, 	275,	38,31,07,	145,13,10,	110,85,
cwr,2,0, 	299,	33,50,47,	148,39,08,	110,70,
cua,2,0, 	275,	33,16,12,	148,46,21,	25,25,
cun,2,0, 	293,	31,37,35,	117,13,21,	140,85,
cmu,2,0, 	218,	28,02,24,	145,37,15,	90,80,
dn,2,0, 	344,	12,25,58,	130,57,36,	150,85,
bgt,2,0, 	308,	12,24,29,	130,51,20,	50,50,
hws,2,0, 	257,	12,28,12,	131,02,27,	30,30,
dlq,2,0, 	392,	35,33,09,	144,57,11,	55,55,
db,2,0, 	332,	17,21,30,	123,39,57,	110,85,
dv,2,0, 	281,	41,10,32,	146,25,38,	50,50,
du,2,0, 	251,	32,13,10,	148,33,35,	90,70,
dys,2,0, 	227,	22,35,57,	148,21,00,	80,80,
es,2,0, 	350,	38,06,46,	147,09,36,	125,75,
ed,2,0, 	311,	34,42,28,	138,37,44,	125,85,
eml,2,0, 	324,	23,33,55,	148,10,12,	60,60,
esp,2,0, 	326,	33,41,18,	121,49,32,	120,110,
ftz,2,0, 	407,	18,11,10,	125,33,21,	55,55,
fli,2,0, 	296,	40,05,50,	148,00,49,	85,85,
fsb,2,0, 	486,	33,22,00,	147,55,24,	60,60,
ft,2,0, 	268,	30,51,23,	128,05,53,	90,75,
fst,2,0, 	419,	32,12,10,	152,29,10,	55,55,
gay,2,0, 	284,	25,35,48,	151,40,20,	60,60,
gtn,2,0, 	401,	18,17,46,	143,32,53,	30,30,
gn,2,0, 	359,	28,46,41,	114,39,26,	100,80,
gib,2,0, 	392,	16,25,55,	126,25,48,	60,60,
gba,2,0, 	245,	29,35,54,	152,10,38,	35,35,
gls,2,0, 	317,	25,02,23,	128,17,41,	120,80,
gig,2,0, 	372,	31,27,39,	115,51,51,	100,75,
gla,2,0, 	236,	23,52,25,	151,13,28,	60,60,
gli,2,0, 	212,	29,40,20,	151,41,40,	30,30,
gdi,2,0, 	398,	28,31,22,	150,19,33,	50,50,
glb,2,0, 	407,	34,48,25,	149,44,10,	40,40,
gv,2,0, 	380,	12,16,21,	136,49,25,	65,65,
gfn,2,0, 	389,	29,45,41,	153,01,35,	20,20,
gth,2,0, 	305,	34,16,35,	146,03,30,	150,90,
gte,2,0, 	407,	13,58,35,	136,27,16,	60,60,
gdh,2,0, 	407,	30,57,00,	150,14,30,	35,35,
hc,2,0, 	266,	18,13,53,	127,39,55,	85,85,
hml,2,0, 	203,	37,39,03,	142,03,23,	45,45,
hm,2,0, 	383,	20,21,31,	148,56,52,	40,40,
hay,2,0, 	215,	34,32,30,	144,49,40,	40,40,
ttr,2,0, 	374,	42,41,37,	147,18,46,	15,15,
hb,2,0, 	362,	42,48,50,	147,28,41,	45,45,
hbk,2,0, 	323,	35,37,36,	147,27,57,	100,70,
hoo,2,0, 	398,	18,20,02,	130,37,59,	50,50,
hsm,2,0, 	401,	36,40,25,	142,10,00,	50,50,
hug,2,0, 	371,	20,49,21,	144,13,40,	110,70,
ifl,2,0, 	212,	17,33,46,	146,00,56,	25,25,
ivl,2,0, 	260,	29,53,10,	151,08,30,	40,40,
jak,2,0, 	419,	27,38,26,	142,24,27,	50,50,
jvs,2,0, 	203,	22,57,03,	136,08,38,	40,40,
jlc,2,0, 	206,	20,40,00,	141,43,23,	40,40,
kg,2,0, 	287,	30,46,45,	121,26,16,	140,80,
ka,2,0, 	404,	20,42,27,	116,46,58,	70,70,
kat,2,0,	233,	33,42,43,	150,17,55,	40,40,
kid,2,0, 	443,	18,52,20,	144,10,08,	50,50,
kcy,2,0, 	392,	26,55,14,	152,34,18,	35,35,
ki,2,0, 	332,	39,53,26,	143,52,26,	130,110,
ksc,2,0, 	215,	35,42,38,	137,30,46,	35,35,
kow,2,0, 	242,	15,28,55,	141,44,40,	60,60,
ku,2,0, 	221,	15,47,08,	128,42,11,	70,70,
lrt,2,0, 	227,	35,41,22,	139,20,48,	85,75,
lci,2,0, 	245,	31,01,35,	115,20,20,	60,60,
ltv,2,0, 	486,	38,12,54,	146,28,25,	30,30,
lt,2,0, 	242,	41,33,38,	147,13,25,	75,110,
nie,2,0, 	230,	41,39,16,	147,18,07,	20,20,
ltn,2,0, 	407,	28,36,49,	122,25,16,	45,45,
lv,2,0, 	344,	37,53,21,	144,44,14,	150,85,
lm,2,0, 	396,	22,14,34,	114,05,40,	50,50,
lc,2,0, 	287,	30,36,05,	138,26,30,	150,85,
lst,2,0, 	230,	27,50,31,	120,41,56,	70,70,
leo,2,0, 	377,	28,52,49,	121,19,08,	80,70,
lis,2,0, 	404,	28,49,40,	153,15,30,	25,25,
lhr,2,0, 	392,	12,47,24,	143,18,10,	30,30,
lr,2,0, 	353,	23,26,42,	144,16,03,	120,85,
lh,2,0, 	272,	31,31,15,	159,04,10,	200,110,
mhu,2,0, 	200,	16,26,24,	136,04,32,	45,45,
mk,2,0, 	308,	21,09,51,	149,11,07,	75,75,
mco,2,0, 	338,	37,35,54,	149,43,40,	40,40,
mng,2,0, 	254,	36,53,55,	145,10,48,	70,65,
mgd,2,0, 	401,	12,03,55,	134,13,47,	45,45,
mfd,2,0, 	284,	37,02,50,	146,09,20,	45,45,
mc,2,0, 	380,	26,35,38,	153,05,27,	50,50,
myb,2,0, 	248,	25,31,17,	152,42,32,	60,40,
mr,2,0, 	312,	26,37,01,	118,32,20,	120,80,
epp,2,0, 	377,	37,40,23,	145,01,30,	70,40,
roc,2,0, 	338,	37,35,32,	144,49,19,	30,20,
bol,2,0, 	362,	37,27,50,	144,47,49,	40,30,
en,2,0, 	356,	37,43,42,	144,54,36,	70,70,
arc,2,0, 	206,	37,34,16,	144,53,43,	40,40,
mea,2,0, 	230,	37,39,53,	144,53,42,	20,20,
ple,2,0, 	218,	37,43,22,	145,06,46,	60,60,
mb,2,0, 	398,	37,58,41,	145,05,20,	65,65,
mer,2,0, 	395,	36,54,57,	149,53,54,	20,20,
mi,2,0, 	272,	34,14,57,	142,04,21,	100,85,
mpa,2,0, 	200,	32,50,41,	135,08,48,	40,40,
mmb,2,0, 	227,	28,06,21,	140,11,53,	75,75,
mrb,2,0, 	218,	22,03,50,	148,04,27,	60,60,
mrw,2,0, 	407,	29,12,36,	116,01,20,	50,50,
mor,2,0, 	392,	29,29,56,	149,51,07,	45,45,
mry,2,0, 	215,	35,54,01,	150,08,35,	25,25,
mg,2,0, 	266,	37,44,00,	140,46,15,	50,50,
mtp,2,0, 	353,	34,07,36,	135,20,24,	80,75,
ma,2,0, 	338,	20,40,37,	139,29,07,	140,80,
lvg,2,0, 	227,	37,08,47,	147,32,51,	40,40,
mog,2,0, 	395,	28,03,55,	117,50,32,	65,65,
mqd,2,0, 	404,	33,06,50,	151,08,17,	30,30,
mso,2,0, 	326,	31,23,20,	151,24,40,	70,60,
mwm,2,0, 	233,	37,17,44,	142,36,06,	60,60,
mdg,2,0, 	398,	32,34,01,	149,36,54,	35,35,
nab,2,0, 	242,	12,17,49,	133,19,16,	55,55,
nrb,2,0, 	227,	32,04,22,	118,23,37,	100,80,
nbr,2,0, 	413,	30,18,55,	149,49,40,	50,50,
nar,2,0, 	329,	34,42,25,	146,30,30,	140,80,
nrm,2,0, 	215,	32,13,15,	148,14,00,	30,30,
wlm,2,0, 	365,	32,48,18,	151,49,40,	140,115,
nwm,2,0, 	233,	23,25,10,	119,47,46,	85,85,
ngu,2,0, 	233,	14,43,35,	134,44,22,	100,80,
nhl,2,0, 	326,	36,17,28,	141,38,34,	85,70,
nf,2,0, 	260,	29,00,26,	167,55,03,	370,120,
ntn,2,0, 	311,	17,41,50,	141,04,19,	130,85,
nsm,2,0, 	347,	32,11,45,	121,47,51,	170,80,
nw,2,0, 	401,	34,56,21,	150,33,22,	30,30,
nul,2,0, 	209,	21,54,58,	120,11,44,	30,30,
nyn,2,0, 	404,	31,33,11,	147,12,11,	40,40,
ok,2,0, 	254,	27,25,23,	151,44,10,	70,65,
olw,2,0, 	245,	21,39,43,	115,06,39,	85,75,
ood,2,0, 	308,	27,33,22,	135,26,25,	160,85,
org,2,0, 	413,	33,23,07,	149,07,28,	50,50,
pbo,2,0, 	278,	23,10,48,	117,44,28,	80,70,
pks,2,0, 	242,	33,08,49,	148,15,05,	70,70,
pe,2,0, 	340,	31,39,20,	116,01,03,	200,85,
ph,2,0, 	400,	32,01,35,	115,48,44,	250,80,
gfd,2,0, 	272,	31,56,19,	115,56,56,	60,60,
prl,2,0, 	352,	31,51,38,	116,06,58,	60,50,
cvm,2,0, 	329,	31,52,46,	115,58,48,	40,40,
jt,2,0, 	281,	32,06,14,	115,53,07,	30,30,
piy,2,0, 	233,	32,32,26,	117,04,23,	120,110,
pc,2,0, 	419,	37,55,42,	144,45,18,	0,0,
plo,2,0, 	296,	30,29,01,	152,23,46,	40,40,
pag,2,0, 	212,	32,31,40,	137,41,59,	40,40,
pd,2,0, 	260,	20,23,21,	118,38,33,	110,75,
pod,2,0, 	212,	38,18,57,	141,28,19,	45,45,
plc,2,0, 	389,	34,36,21,	135,52,19,	70,70,
pmq,2,0, 	395,	31,26,14,	152,51,56,	35,35,
pn,2,0, 	245,	20,29,27,	148,33,30,	40,40,
qdi,2,0, 	386,	31,29,38,	150,31,23,	40,40,
rlb,2,0, 	218,	27,37,00,	153,18,28,	25,25,
ren,2,0, 	200,	34,11,36,	140,40,23,	35,35,
rmd,2,0, 	215,	20,41,57,	143,06,32,	40,40,
ri,2,0, 	347,	33,35,54,	150,46,30,	125,75,
rk,2,0, 	257,	23,22,21,	150,28,27,	65,65,
rom,2,0, 	377,	26,32,42,	148,46,51,	90,70,
rti,2,0, 	317,	32,00,20,	115,32,35,	30,30,
rug,2,0, 	257,	34,23,30,	148,58,30,	50,50,
sge,2,0, 	383,	28,03,00,	148,35,45,	40,40,
sth,2,0, 	392,	41,20,13,	148,16,49,	25,25,
scn,2,0, 	209,	32,02,20,	150,50,00,	45,45,
sls,2,0, 	353,	34,42,36,	150,00,10,	70,65,
sht,2,0, 	212,	36,25,47,	145,23,41,	30,30,
sgt,2,0, 	290,	32,33,13,	151,15,23,	60,60,
smi,2,0, 	248,	40,50,05,	145,04,49,	50,50,
scr,2,0, 	221,	31,14,01,	119,21,16,	80,80,
sfl,2,0, 	257,	34,23,37,	139,20,54,	95,85,
srn,2,0, 	257,	42,09,16,	145,17,36,	25,20,
sbg,2,0, 	413,	36,51,15,	145,44,15,	35,35,
swh,2,0, 	407,	35,22,57,	143,32,02,	45,45,
sy,2,0, 	317,	33,59,22,	150,58,36,	150,60,
etl,2,0, 	218,	33,56,03,	151,12,26,	30,30,
wpg,2,0, 	254,	33,46,05,	151,07,33,	25,25,
sdm,2,0, 	266,	33,55,01,	151,09,59,	25,25,
bk,2,0,		416,	33,55,48,	150,59,14,	40,40,
tbd,2,0, 	242,	35,15,17,	139,27,55,	65,65,
tw,2,0, 	341,	31,05,30,	150,50,50,	50,50,
tre,2,0, 	371,	31,53,28,	152,31,37,	70,70,
tam,2,0, 	221,	25,48,18,	149,53,23,	80,80,
tef,2,0, 	374,	21,42,47,	122,12,44,	50,50,
tem,2,0, 	209,	34,25,12,	147,30,51,	40,40,
tc,2,0, 	272,	19,38,45,	134,10,27,	140,85,
tng,2,0, 	446,	24,29,45,	150,34,08,	50,50,
tgm,2,0, 	206,	27,59,42,	143,48,49,	40,40,
hid,2,0, 	356,	10,35,37,	142,17,29,	50,50,
tib,2,0, 	200,	29,26,45,	142,03,45,	50,50,
tbr,2,0, 	212,	15,37,10,	130,26,41,	35,35,
tn,2,0, 	356,	14,31,02,	132,21,33,	90,85,
twb,2,0, 	386,	27,32,37,	151,54,39,	25,25,
tl,2,0, 	276,	19,14,54,	146,45,45,	130,75,
ttx,2,0, 	413,	13,45,18,	126,08,48,	45,45,
vrd,2,0, 	377,	16,24,22,	131,00,20,	85,85,
wg,2,0, 	221,	35,09,52,	147,27,16,	80,80,
wlg,2,0, 	374,	30,01,40,	148,06,55,	50,50,
wbr,2,0, 	218,	26,07,46,	126,34,42,	90,90,
wkb,2,0, 	209,	36,19,16,	142,24,37,	50,50,
wbl,2,0, 	395,	38,17,20,	142,27,08,	45,45,
wav,2,0, 	203,	17,23,39,	131,07,12,	40,40,
wjs,2,0, 	374,	35,15,31,	148,39,33,	40,40,
wp,2,0, 	377,	12,39,48,	141,53,52,	40,40,
wmd,2,0, 	224,	32,45,27,	151,31,55,	65,65,
wwl,2,0, 	389,	33,56,15,	147,11,26,	50,50,
wha,2,0, 	371,	33,03,35,	137,31,22,	75,75,
wle,2,0, 	287,	35,33,47,	149,10,37,	45,45,
wdh,2,0, 	407,	25,24,40,	142,39,45,	40,40,
wtn,2,0, 	386,	22,22,00,	143,04,58,	65,65,
wit,2,0, 	365,	22,13,09,	118,20,57,	35,35,
wol,2,0, 	239,	34,33,37,	150,47,27,	50,50,
won,2,0, 	383,	38,28,26,	145,37,23,	70,65,
wr,2,0, 	248,	31,08,43,	136,48,24,	125,85,
wym,2,0, 	372,	15,30,40,	128,09,01,	60,60,
wy,2,0, 	302,	40,59,58,	145,42,25,	65,60,
ywe,2,0, 	389,	37,44,37,	143,45,19,	40,40,
yas,2,0, 	335,	34,49,49,	149,02,33,	75,70,
yng,2,0, 	269,	34,15,10,	148,14,54,	20,20,
yla,2,0, 	233,	25,10,27,	130,58,25,	60,60,

aa1,2,0, 	374,	37,01,16,	174,45,34,	60,60,
fr1,2,0, 	222,	43,23,00,	172,17,52,	30,30,
ch1,2,0, 	274,	43,27,38,	172,34,01,	100,100,
hk1,2,0, 	310,	42,43,52,	170,57,22,	100,100,
hn1,2,0, 	348,	09,25,27,	160,03,17,	0,0,
nv1,2,0, 	214,	46,25,10,	168,19,50,	100,100,
kt1,2,0, 	238,	35,01,50,	173,14,30,	350,350,
nn1,2,0, 	290,	17,47,19,	177,25,31,	300,300,
nv2,2,0, 	281,	18,14,19,	178,10,21,	0,0,
ns1,2,0, 	394,	41,17,58,	173,07,50,	65,65,
nf1,2,0, 	260,	29,00,26,	167,55,03,	350,110,
oh1,2,0, 	218,	40,12,12,	175,23,34,	160,160,
pv1,2,0, 	300,	17,43,46,	168,17,36,	150,150,
ba1,2,0, 	361,	17,41,54,	168,15,38,	25,25,
so1,2,0, 	412,	15,32,19,	167,08,45,	25,25,
pk1,2,0, 	320,	15,29,48,	167,11,55,	25,25,
tb1,2,0, 	381,	15,34,10,	167,17,22,	25,25,
fnd1,2,0, 	354,	21,59,34,	166,09,56,	200,200,
av1,2,0, 	338,	22,02,20,	166,15,55,	0,0,
nw1,2,0, 	325.5,	21,56,28,	166,04,16,	0,0,
wn1,2,0, 	298,	41,20,24,	174,48,48,	100,100,
