ad,3,0,		120.5,	34,56,47,	138,31,46,	0,0,
af,3,0,		118.1,	27,34,18,	153,00,29,	0,0,
as,3,0,		118.3,	23,48,30,	133,54,03,	0,0,
av,3,0,		120.1,	38,02,27,	144,28,05,	0,0,
ay,3,0,		124.2,	36,04,08,	146,57,23,	0,0,
bk,3,0,		118.1,	33,55,04,	150,59,20,	0,0,
bn,3,0,		120.5,	27,25,23,	153,05,05,	0,0,
bth,3,0,	0,	33,24,40,	149,39,10,	0,0,
cb,3,0,		118.7,	35,18,30,	149,11,38,	0,0,
ch,3,0,		118.2,	30,19,19,	153,06,56,	0,0,
cn,3,0,		120.1,	34,02,31,	150,41,10,	0,0,
cnk,3,0,	0,	32,47,15,	151,20,30,	0,0,
cs,3,0,		124.9,	16,53,15,	145,45,13,	0,0,
dn,3,0,		118.3,	12,24,58,	130,52,32,	0,0,
en,3,0, 	125.1,	37,43,47,	144,54,02,	0,0,
glb,3,0,	119.6,	34,48,32,	149,43,40,	0,0,
hb,3,0, 	118.1,	42,50,16,	147,30,32,	0,0,
hm,3,0, 	118.7,	20,21,35,	148,57,02,	0,0,
jt,3,0, 	118.1,	32,05,57,	115,52,45,	0,0,
ka,3,0, 	124.5,	20,42,49,	116,46,19,	0,0,
lt,3,0, 	118.7,	41,32,49,	147,12,46,	0,0,
ma,3,0, 	120.5,	20,39,55,	139,29,15,	0,0,
mb,3,0, 	118.1,	37,58,38,	145,06,04,	0,0,
mc,3,0, 	124.4,	26,36,15,	153,05,24,	0,0,
mk,3,0, 	124.5,	21,10,23,	149,10,43,	0,0,
ml,3,0, 	120.5,	37,40,29,	144,50,32,	0,0,
ok,3,0, 	120.1,	27,24,47,	151,44,17,	0,0,
pd,3,0, 	119.9,	20,22,45,	118,37,31,	0,0,
pf,3,0,		118.7,	34,47,41,	138,37,54,	0,0,
ph,3,0, 	120.5,	31,56,29,	115,57,55,	0,0,
pn,3,0, 	123.4,	20,29,48,	148,33,05,	0,0,
rk,3,0, 	118.1,	23,23,00,	150,28,27,	0,0,
sy,3,0, 	120.5,	33,56,51,	151,10,33,	0,0,
tl,3,0, 	118.3,	19,15,15,	146,45,51,	0,0,
wg,3,0, 	118.2,	35,10,01,	147,27,55,	0,0,
wm,3,0, 	118.3,	32,47,47,	151,49,59,	0,0,
wr,3,0, 	118.3,	31,08,47,	136,49,02,	0,0,

cfi,4,0,	0,	38,50,0,	146,40,0,	0,0,
cpld,4,0,	0,	40,40,0,	148,05,0,	0,0,
dli,4,0,	0,	39,25,0,	147,15,0,	0,0,
hgi,4,0,	0,	39,10,0,	147,00,0,	0,0,
hob,4,0,	0,	31,30,0,	131,15,0,	0,0,

