6ym,2,0,248,18.500833,77.919444
9q,2,0,291,48.557474,78.243198
a,2,0,339,22.971944,82.431111
aa,2,0,365,47.009326,96.815191
aaa,2,0,329,40.160146,89.337761
aaf,2,0,349,29.723306,85.028053
aap,2,0,269,29.735785,95.590222
aau,2,0,329,40.963333,82.253355
ab,2,0,227,31.456148,84.276159
abg,2,0,404,32.585419,95.112999
ace,2,0,277,59.641333,151.500306
acq,2,0,371,44.070242,93.552444
acz,2,0,379,34.716279,78.003597
adf,2,0,275,34.055376,93.104894
adg,2,0,278,41.869909,84.075194
adt,2,0,365,39.838639,101.045056
adu,2,0,266,41.690264,94.909986
aee,2,0,391,34.191767,95.651914
aes,2,0,390,62.965779,141.888304
aey,2,0,329,36.116171,87.741272
afd,2,0,400,47.798186,103.253052
afe,2,0,223,56.963917,133.911889
afk,2,0,347,40.605557,95.860834
afp,2,0,283,35.024042,80.083115
aft,2,0,311,35.322760,94.474189
ago,2,0,266,33.226991,93.215222
agz,2,0,392,43.062494,98.292301
ahh,2,0,278,45.281417,92.371278
ahq,2,0,400,41.239169,96.598360
ahx,2,0,269,32.159320,95.830242
ai,2,0,371,40.069600,85.510807
aig,2,0,347,45.158611,89.113778
aik,2,0,347,33.651807,81.677051
aio,2,0,365,41.403962,95.046268
ait,2,0,397,46.547456,93.675247
aiv,2,0,254,33.114013,88.185585
aix,2,0,323,60.385032,166.214776
aiz,2,0,272,38.096618,92.553071
aja,2,0,385,13.453500,-144.736917
ajg,2,0,524,38.611992,87.726139
ajr,2,0,347,34.501488,83.549895
ajw,2,0,281,45.791712,95.305479
ajx,2,0,344,36.180624,91.606558
ak,2,0,362,41.069779,81.387471
ak,2,0,400,58.737356,156.777779
akl,2,0,407,33.190935,99.720090
akp,2,0,348,68.136628,151.744236
akq,2,0,274,36.983206,77.001072
akw,2,0,229,55.568639,133.079333
alm,2,0,341,32.850311,105.981320
alp,2,0,245,42.238658,76.763953
alu,2,0,380,42.043189,102.799439
alv,2,0,375,45.014595,84.808093
am,2,0,251,35.146414,101.805602
am,2,0,388,27.861247,82.545819
amf,2,0,403,67.106760,157.857996
amn,2,0,329,43.323365,84.785286
amt,2,0,359,38.855904,83.563806
amw,2,0,275,41.994986,93.626829
an,2,0,368,29.607588,98.569686
and,2,0,230,34.498104,82.708524
ani,2,0,359,61.590169,159.597908
anq,2,0,347,41.639772,85.086912
anr,2,0,245,32.348642,102.536292
anv,2,0,365,62.641405,160.190023
aoa,2,0,215,33.118451,86.767209
aoc,2,0,200,43.599044,113.342206
aop,2,0,290,41.604186,109.001646
aov,2,0,341,36.969776,92.677390
ap,2,0,260,39.451906,104.845812
ap,2,0,378,48.873989,123.289920
apf,2,0,201,26.155676,81.774386
apg,2,0,349,39.535112,76.106340
aph,2,0,396,38.087769,77.324919
apo,2,0,388,16.726556,169.546750
apt,2,0,382,35.059639,85.583944
aq,2,0,407,44.215889,88.398944
aqe,2,0,230,35.706882,77.371882
aqp,2,0,356,45.228461,96.009546
ar,2,0,269,29.956288,91.863285
ar,2,0,402,16.286111,61.622222
arf,2,0,296,34.252872,86.223589
arm,2,0,245,29.254256,96.152214
aru,2,0,215,41.471917,120.557417
arv,2,0,221,45.926778,89.728500
as,2,0,359,42.823392,71.602153
asj,2,0,415,36.299322,77.175520
ata,2,0,347,33.103742,94.190465
atk,2,0,350,70.469064,157.427494
ats,2,0,414,32.852612,104.461631
atu,2,0,375,52.828911,-173.180306
au,2,0,353,30.235683,97.625696
auh,2,0,278,40.892513,97.997194
auv,2,0,284,34.150735,97.124687
avk,2,0,203,36.779198,98.671196
avn,2,0,344,43.009979,77.769116
avz,2,0,260,32.760239,96.249228
awg,2,0,219,41.279772,91.672569
awm,2,0,362,35.139369,90.232568
aws,2,0,335,32.293204,85.023264
aww,2,0,212,40.168101,84.921909
axa,2,0,403,43.081355,94.272465
axi,2,0,284,36.463191,80.551728
ay,2,0,327,36.913564,121.807952
ayb,2,0,430,40.435557,95.804996
ayi,2,0,221,30.451026,89.455331
azc,2,0,403,36.959897,113.009097
aze,2,0,414,31.880184,82.647360
azn,2,0,233,39.883966,94.908163
azs,2,0,336,38.010168,78.518096
azw,2,0,223,36.380985,80.540181
ba,2,0,410,39.322051,85.818568
baj,2,0,392,40.532207,103.229657
bav,2,0,404,35.214334,89.042146
baz,2,0,212,29.706879,98.035185
bbb,2,0,239,45.327182,95.650315
bbd,2,0,380,31.178000,99.322582
bbh,2,0,233,42.252428,111.333816
bbn,2,0,275,40.672461,73.384372
bbw,2,0,290,41.434089,99.635918
bc,2,0,414,49.117787,68.326185
bcc,2,0,212,65.173893,152.205943
bck,2,0,362,44.254683,90.849030
bcy,2,0,212,36.755300,102.534909
bcz,2,0,228,32.114313,88.121407
bdd,2,0,254,37.145583,88.670329
bdg,2,0,340,37.517417,109.492788
bdq,2,0,208,35.139251,92.712386
bdx,2,0,335,45.435825,105.411102
bea,2,0,284,28.367777,97.794443
bee,2,0,414,38.006306,88.932000
bep,2,0,350,32.457411,83.765719
beq,2,0,368,33.311946,86.923158
bes,2,0,230,34.620213,79.733200
bex,2,0,269,40.745022,92.430463
bf,2,0,224,41.754903,78.573253
bfa,2,0,263,45.166701,84.921921
bfe,2,0,311,33.179258,102.192122
bfk,2,0,215,36.864198,99.620119
bfr,2,0,344,38.839385,86.436769
bfw,2,0,350,47.250592,91.414064
bgf,2,0,263,35.177999,86.068178
bgi,2,0,345,13.068611,59.492222
bh,2,0,224,33.511272,86.845602
bh,2,0,330,44.538910,68.307017
bhc,2,0,376,31.712029,82.390183
bhf,2,0,326,26.573889,78.663889
bhg,2,0,338,33.158448,95.618289
bhn,2,0,391,37.697542,92.103801
bhu,2,0,382,40.375500,79.271667
bhw,2,0,236,44.248630,84.083885
bi,2,0,230,46.698133,100.647873
bid,2,0,216,41.166603,71.579584
bjt,2,0,221,33.951476,83.219597
bju,2,0,248,40.363612,96.812943
bk,2,0,329,43.222486,75.482509
bkd,2,0,245,32.747344,98.891178
bkk,2,0,275,30.851576,85.601320
bkl,2,0,416,41.528853,81.663159
bks,2,0,353,27.206935,98.121768
bkt,2,0,326,37.127929,78.041391
bku,2,0,344,46.347972,104.256278
bkv,2,0,278,28.473831,82.449901
bkz,2,0,242,34.881389,91.177667
bl,2,0,260,43.060041,87.876695
bl,2,0,362,38.463382,89.756486
ble,2,0,278,32.830684,91.190109
blo,2,0,328,43.536677,71.536982
bm,2,0,382,39.056436,86.599165
bmc,2,0,294,41.516045,112.078002
bmq,2,0,341,30.739071,98.237247
bmw,2,0,404,33.935364,83.589471
bnh,2,0,362,30.222393,96.373492
bnl,2,0,260,33.259472,81.379083
bnr,2,0,334,41.016720,83.666599
bnw,2,0,407,42.054316,93.853060
bo,2,0,221,36.398715,82.496258
bo,2,0,359,43.596804,116.315481
bod,2,0,374,46.185139,103.428750
boz,2,0,254,41.711114,89.785581
bpo,2,0,403,36.539468,84.475993
bpw,2,0,239,35.692739,90.012942
bqp,2,0,329,32.755135,91.883461
br,2,0,266,33.645402,84.311237
bra,2,0,379,35.272756,82.471092
bry,2,0,248,37.847862,85.483029
bst,2,0,278,44.411048,69.010729
bt,2,0,272,42.362012,85.184500
bti,2,0,308,70.130664,143.643896
btn,2,0,386,45.819167,97.745583
bts,2,0,429,58.999669,158.548381
bu,2,0,230,39.819256,83.204885
bub,2,0,362,41.774694,99.145539
bup,2,0,348,44.697288,69.357824
buy,2,0,329,36.049858,79.480022
bv,2,0,336,46.871140,71.281501
bvg,2,0,308,31.336836,85.983276
bvk,2,0,325,65.979800,161.149383
bvn,2,0,332,41.729594,98.052702
bvq,2,0,260,37.017529,86.009165
bvs,2,0,240,48.468596,122.418693
bvv,2,0,407,31.608002,90.410288
bwk,2,0,397,30.865417,92.234083
bwp,2,0,233,46.244903,96.603601
bwr,2,0,412,30.458198,103.646811
bx,2,0,353,30.881629,89.862132
bxg,2,0,356,33.042514,82.004840
bxr,2,0,203,45.821278,92.366417
byn,2,0,260,41.479773,84.466060
byy,2,0,344,28.972477,95.859955
bz,2,0,393,35.450661,99.201477
bzj,2,0,328,40.435923,76.553020
bzk,2,0,383,39.764191,93.109091
bzp,2,0,331,64.735854,156.793381
c,2,0,402,21.410278,77.871111
cad,2,0,269,44.274972,85.414199
can,2,0,274,47.410594,122.838782
cat,2,0,254,40.740934,74.429764
cav,2,0,387,42.745805,93.758826
cbc,2,0,413,29.773278,94.663251
cbe,2,0,317,39.648167,78.747333
cbg,2,0,350,45.557463,93.262171
ccj,2,0,341,39.873643,83.779538
ccy,2,0,375,43.068473,92.608214
cd,2,0,341,55.296071,162.789074
cdh,2,0,335,33.613529,92.767522
cdi,2,0,223,39.963961,81.588179
cdi,2,0,353,32.591247,96.976394
cdn,2,0,263,34.284041,80.561605
cdx,2,0,388,36.996251,84.681232
cek,2,0,420,40.624115,96.927611
cep,2,0,278,33.489889,105.404333
ceu,2,0,257,34.673825,82.886839
cf,2,0,392,37.333316,77.453429
cfj,2,0,388,39.980960,86.915730
cfv,2,0,212,37.095909,95.573866
cfx,2,0,239,40.236734,81.013152
cfy,2,0,420,33.855996,79.765901
cge,2,0,355,38.538174,76.031883
cgl,2,0,212,58.359365,134.699398
cgq,2,0,344,32.064043,96.428038
ch,2,0,329,32.976283,80.097590
chd,2,0,407,33.266500,111.807917
chq,2,0,208,36.845054,89.356741
cht,2,0,375,39.777111,93.494194
chu,2,0,209,43.586914,91.490418
chx,2,0,214,26.716667,108.333333
ci,2,0,400,46.332492,84.542326
cii,2,0,269,47.822481,112.171019
cin,2,0,397,42.045019,94.785158
cir,2,0,397,37.061718,89.223408
cjd,2,0,263,36.461262,94.069456
cjj,2,0,293,43.366009,92.131000
cjr,2,0,252,38.530957,77.858050
cjy,2,0,275,43.052792,75.264470
ckc,2,0,358,47.840056,90.385569
cki,2,0,404,33.717775,79.854988
ckm,2,0,341,34.293024,90.515738
ckn,2,0,400,47.839416,96.615898
ckp,2,0,423,42.732206,95.553063
cl,2,0,344,41.338661,81.964473
cl,2,0,515,48.150199,123.670251
clb,2,0,216,34.106282,77.961377
cli,2,0,209,44.618813,88.733184
clk,2,0,320,35.539217,98.935084
cm,2,0,275,47.115704,88.401175
cm,2,0,379,47.566944,59.159167
cm,2,0,391,39.986230,82.754506
cme,2,0,288,18.650000,91.783333
cmh,2,0,339,19.966111,75.838056
cmj,2,0,396,55.345430,131.696407
cmq,2,0,338,61.171031,150.047715
cmy,2,0,412,43.937772,90.641883
cnc,2,0,335,41.016749,93.361961
cnh,2,0,233,43.369314,72.371094
cnk,2,0,335,39.553335,97.651150
cnp,2,0,383,41.076656,102.458882
cnq,2,0,379,37.261411,80.158069
co,2,0,216,43.118777,71.452429
co,2,0,407,38.694302,104.716334
cog,2,0,428,38.219022,78.141668
coi,2,0,247,28.340833,80.688333
com,2,0,385,31.841256,99.406175
coo,2,0,326,35.589663,89.587327
coq,2,0,335,46.697166,92.503246
cp,2,0,375,42.907215,106.569982
cpc,2,0,227,34.271835,78.713906
cpm,2,0,378,33.888905,118.247294
cpp,2,0,230,34.367873,86.823891
cpz,2,0,385,28.909971,100.005618
cqa,2,0,205,40.481991,84.564400
cqb,2,0,396,35.722288,96.818634
cqd,2,0,372,42.119196,80.104587
cqi,2,0,274,44.751554,116.442920
cqj,2,0,266,35.716248,79.865313
cqm,2,0,233,47.821058,92.691342
cqn,2,0,341,35.166543,85.157344
cqr,2,0,263,67.502387,148.469395
cqw,2,0,409,34.741823,79.865619
cqx,2,0,279,41.691778,69.989794
cr,2,0,382,27.834607,97.576577
crd,2,0,293,48.185612,111.914129
crn,2,0,281,61.099314,155.552283
crr,2,0,245,47.418342,105.558887
crs,2,0,396,32.027655,96.395258
crz,2,0,278,40.996375,94.756919
csb,2,0,389,40.304284,100.157719
css,2,0,414,39.599506,83.392139
ctg,2,0,255,10.450000,75.516667
ctk,2,0,236,40.565872,90.077062
ctm,2,0,262,18.500000,88.316667
ctz,2,0,412,34.975446,78.363056
cuf,2,0,404,38.031006,120.413834
cuh,2,0,242,35.890064,96.775302
cul,2,0,332,38.093486,88.119636
cun,2,0,257,64.838583,147.495086
cvb,2,0,338,29.346068,98.849193
cvm,2,0,263,38.892297,90.056272
cvp,2,0,317,46.606685,111.937158
cvx,2,0,222,45.303063,85.264790
cvy,2,0,314,39.026026,96.794508
cwh,2,0,350,34.773729,86.778972
cwi,2,0,377,41.828696,90.327658
cws,2,0,302,35.083974,92.426823
cxe,2,0,342,36.791530,78.500831
cxk,2,0,251,44.899393,85.239672
cxu,2,0,369,31.214627,84.236850
cye,2,0,410,41.210387,75.831806
cyo,2,0,366,39.523097,82.979717
cyr,2,0,338,30.888246,84.159344
cyt,2,0,209,60.086179,142.488763
cyw,2,0,362,39.380746,97.161244
czb,2,0,359,39.305231,88.001951
cze,2,0,201,35.469250,93.423516
czf,2,0,275,61.790577,165.969580
czj,2,0,341,31.832950,94.153808
czm,2,0,201,20.523611,86.931667
czx,2,0,332,33.623696,101.238483
d,2,0,278,21.819167,82.800556
da,2,0,214,64.028910,139.168049
daf,2,0,233,44.034056,90.082639
dao,2,0,410,31.585677,110.344246
db,2,0,341,61.340248,138.983270
dbx,2,0,212,39.761698,97.042331
dc,2,0,332,38.766058,77.026643
dcm,2,0,220,34.786794,81.201092
dcy,2,0,212,38.696159,87.132510
dda,2,0,244,34.062222,83.520941
ddp,2,0,391,18.468279,66.412392
ded,2,0,201,29.067567,81.274339
def,2,0,256,30.296825,89.834128
deh,2,0,236,43.275668,91.736457
deq,2,0,281,34.045946,94.399374
der,2,0,382,32.879291,85.961353
dfi,2,0,246,41.334494,84.426893
diw,2,0,198,34.568535,77.452937
djd,2,0,415,34.252373,84.487623
djn,2,0,347,64.023493,145.686767
dkb,2,0,209,41.934019,88.707267
dkg,2,0,348,40.080396,83.078853
dl,2,0,379,46.845691,92.354995
dlc,2,0,274,34.450134,79.368824
dlz,2,0,215,40.278117,83.109077
dmd,2,0,343,28.523873,99.825332
dmo,2,0,281,38.704389,93.176639
dmz,2,0,203,36.127309,87.432374
dni,2,0,341,33.823991,96.669719
dns,2,0,350,41.984016,95.379359
dnt,2,0,343,35.995047,89.405817
do,2,0,236,45.834531,89.730422
do,2,0,359,39.220891,94.749905
dom,2,0,273,15.545833,61.303611
dpg,2,0,284,40.182441,112.937471
dpl,2,0,344,35.047665,77.945540
dpy,2,0,216,47.967699,117.426472
dqu,2,0,410,30.435478,93.466830
dr,2,0,385,30.752058,93.334721
drm,2,0,218,46.007243,83.742225
dry,2,0,338,42.869944,71.397139
dte,2,0,394,35.481904,84.930922
dts,2,0,254,30.404922,86.473825
dua,2,0,359,33.942321,96.398601
dut,2,0,283,53.905171,166.549142
dux,2,0,414,35.863289,102.012820
dvk,2,0,311,37.576423,84.764033
dvz,2,0,354,35.913471,80.456167
dw,2,0,375,36.307399,95.875268
dwh,2,0,521,30.125494,95.565914
dwl,2,0,353,40.872785,100.072624
dxe,2,0,423,36.787989,89.940749
dxt,2,0,370,42.470944,73.170194
dxx,2,0,227,44.984129,96.179209
dyb,2,0,365,33.061278,80.277306
dyl,2,0,237,40.335661,75.122116
dyo,2,0,239,43.583874,72.961494
dyq,2,0,263,36.135879,82.890347
dzm,2,0,305,33.884409,91.531513
eaa,2,0,519,64.777783,141.140643
ead,2,0,209,37.858926,94.302726
eag,2,0,302,42.708582,93.910585
eav,2,0,391,66.893202,151.563748
ebs,2,0,323,42.441279,93.869251
eby,2,0,391,48.357584,124.556258
ecy,2,0,263,30.559825,92.448081
ede,2,0,265,36.025467,76.566525
edx,2,0,201,29.001649,96.584697
eef,2,0,391,58.170966,135.257918
eej,2,0,428,35.373211,79.223079
eex,2,0,309,32.666829,82.452351
ef,2,0,206,49.256111,117.635000
efc,2,0,269,44.735972,103.859056
efw,2,0,391,42.013567,94.342719
egq,2,0,410,43.101076,94.707203
egt,2,0,414,37.323910,97.389490
egv,2,0,341,45.932694,89.263222
eha,2,0,377,37.001135,101.884611
ehm,2,0,385,58.655873,162.075834
eiw,2,0,314,36.536450,89.601745
ejk,2,0,397,33.594849,83.140710
ekq,2,0,290,36.856210,84.852946
el,2,0,242,31.860329,106.317733
el,2,0,269,42.110290,77.915167
emc,2,0,375,40.963972,117.841556
emm,2,0,407,41.822391,110.555004
emr,2,0,385,33.462804,81.996866
emt,2,0,359,34.088314,118.031206
emv,2,0,346,36.682789,77.482201
eny,2,0,254,46.552944,90.914522
enz,2,0,394,31.421374,110.846447
eoe,2,0,278,34.311527,81.635940
eog,2,0,417,32.602355,87.663063
eok,2,0,366,40.464694,91.433583
ep,2,0,373,49.383938,126.543939
epm,2,0,260,44.912519,67.012235
eqa,2,0,383,37.779462,96.816418
eqq,2,0,234,33.256786,84.712709
eqz,2,0,308,38.867443,85.973034
er,2,0,263,29.915028,99.009417
esg,2,0,260,43.220140,70.828252
esn,2,0,212,38.804838,76.069414
ess,2,0,260,59.426582,146.343075
esu,2,0,204,30.499361,87.725821
esy,2,0,338,44.689621,111.121111
et,2,0,344,60.796636,161.821380
etc,2,0,257,35.935433,77.546361
eth,2,0,326,45.783294,96.546873
eu,2,0,260,44.212833,123.220500
eud,2,0,285,39.920015,76.877557
eur,2,0,392,48.963854,115.092114
euu,2,0,251,35.606824,78.354445
evb,2,0,417,29.054443,80.941026
evo,2,0,385,40.676452,80.638545
evu,2,0,317,40.348324,94.915527
evz,2,0,308,34.199818,84.843551
ewk,2,0,281,38.064094,97.273451
ewp,2,0,400,35.642023,91.180681
eya,2,0,357,30.423605,81.609391
eyq,2,0,286,29.933863,95.640973
eze,2,0,226,41.488861,81.722861
ezf,2,0,237,38.266379,77.450818
ezi,2,0,245,41.201148,89.959276
ezm,2,0,270,32.214061,83.125427
ezt,2,0,275,36.315940,82.270413
ezy,2,0,241,35.425883,99.398148
ezz,2,0,394,39.729224,94.272169
faf,2,0,226,37.138758,76.618566
fau,2,0,246,36.285167,98.478000
fby,2,0,293,40.176669,97.165869
fch,2,0,344,36.723948,119.833674
fcy,2,0,332,34.941028,90.773639
fd,2,0,278,36.668389,90.327051
fdf,2,0,204,33.714553,87.813630
fdr,2,0,222,34.353839,98.986477
fdv,2,0,529,64.494596,165.313987
fdw,2,0,414,34.314425,81.112673
fep,2,0,335,42.245577,89.585948
fes,2,0,269,38.195888,90.387621
fet,2,0,311,41.450333,96.518136
feu,2,0,521,38.214672,84.819842
ff,2,0,316,33.300628,84.486411
fff,2,0,257,41.847464,70.802732
ffl,2,0,332,41.011131,91.988506
ffz,2,0,281,33.461714,111.733194
fgp,2,0,393,35.138802,78.812468
fhr,2,0,284,48.526849,123.027902
fia,2,0,329,34.100344,106.900583
fio,2,0,263,36.970057,88.567269
fiq,2,0,391,35.710212,81.671346
fis,2,0,332,24.548342,81.786397
fit,2,0,365,42.550923,71.757128
fk,2,0,293,36.737018,87.413842
fkr,2,0,278,40.270517,86.562750
fkv,2,0,365,34.203379,83.906319
fld,2,0,248,43.769544,88.484635
fmz,2,0,392,40.589951,97.568049
fna,2,0,371,30.415637,89.820067
fnb,2,0,404,40.076335,95.586901
fnd,2,0,371,39.287356,76.777029
fnz,2,0,239,38.248694,86.837854
foa,2,0,353,38.668936,88.453103
foh,2,0,331,31.296120,89.818607
for,2,0,236,46.269441,106.517554
fox,2,0,356,64.969017,147.579937
foz,2,0,345,47.783536,93.653939
fpn,2,0,372,56.792266,132.820797
fpr,2,0,275,27.486732,80.373273
fpy,2,0,254,29.996131,83.586286
fqw,2,0,371,35.961089,86.371067
frt,2,0,248,34.902400,81.984742
fs,2,0,223,35.354229,94.217098
fs,2,0,245,43.494171,96.828774
fse,2,0,224,47.589681,95.769749
fsk,2,0,379,37.794486,94.765242
ft,2,0,344,33.762301,84.639017
ft,2,0,365,32.892960,97.373518
fto,2,0,242,66.580019,145.212751
ftp,2,0,426,34.521127,85.673325
ftt,2,0,317,38.842819,92.004627
fve,2,0,257,47.268096,68.256706
fvx,2,0,367,37.352929,78.438052
fwc,2,0,257,38.380048,88.409770
fx,2,0,221,26.185639,80.298500
fxf,2,0,314,14.599444,61.095278
fxg,2,0,300,16.261111,61.527778
fxw,2,0,412,62.543059,153.619907
fxy,2,0,359,43.235234,93.621047
fye,2,0,255,35.205836,89.392450
fzi,2,0,379,41.188942,83.396314
fzk,2,0,243,44.927778,89.625278
g,2,0,364,44.802315,63.589588
gai,2,0,385,39.167884,77.163592
gak,2,0,233,42.408119,96.385717
gam,2,0,369,63.782044,171.736713
gas,2,0,420,38.833414,82.161534
gav,2,0,219,58.421882,135.704603
gaz,2,0,255,33.354557,110.666522
gbr,2,0,395,42.182978,73.404030
gc,2,0,347,37.828967,100.724352
gc,2,0,380,44.270648,105.522110
gcr,2,0,404,60.498794,145.474536
gct,2,0,518,41.681931,94.433302
gde,2,0,368,30.069658,94.202405
gdv,2,0,410,47.133373,104.804742
gdw,2,0,209,43.970022,84.475011
geu,2,0,215,33.526707,112.290712
gey,2,0,275,44.511513,108.082908
gfz,2,0,338,41.325543,94.444409
gge,2,0,242,33.315445,79.324471
ggf,2,0,359,40.870941,101.730450
ggi,2,0,248,41.709716,92.729635
ggk,2,0,401,36.690950,88.592400
ggl,2,0,375,28.593108,80.816388
ggp,2,0,263,40.709206,86.373610
ggu,2,0,314,35.516736,96.718629
ggy,2,0,338,32.853181,86.611092
ghj,2,0,293,35.191249,81.157188
ghw,2,0,346,45.644306,95.318472
ghx,2,0,371,33.165864,98.496610
gig,2,0,341,41.944354,103.682999
giw,2,0,239,34.253735,82.086230
gl,2,0,414,39.293835,101.600279
gla,2,0,248,62.195370,145.467988
gle,2,0,330,33.718689,97.198667
gls,2,0,206,29.333958,94.756225
gly,2,0,388,38.358911,93.684656
gm,2,0,242,42.908988,88.041031
gma,2,0,386,44.362310,71.686031
gmh,2,0,362,37.226987,87.159163
gmz,2,0,356,33.605383,97.773366
gn,2,0,269,29.670040,82.172131
gnc,2,0,344,32.672048,102.645741
gni,2,0,236,29.191896,90.075074
goi,2,0,396,37.958683,85.976631
gol,2,0,396,42.417889,124.423440
gos,2,0,278,42.152939,120.405098
gph,2,0,284,39.346069,94.307508
gpq,2,0,278,33.565777,85.130890
gr,2,0,216,47.150236,122.604793
gr,2,0,323,31.167838,97.878217
gre,2,0,233,38.834213,89.372300
grn,2,0,414,42.801109,102.179329
gro,2,0,332,14.171667,-145.239806
gt,2,0,232,21.436667,71.146389
gtb,2,0,257,44.068563,75.735983
gtn,2,0,323,38.929666,77.124201
gtp,2,0,245,30.957551,83.826669
guo,2,0,332,30.684414,97.679926
guv,2,0,359,31.028244,93.184855
guy,2,0,275,36.705359,101.505076
gva,2,0,224,37.803137,87.770760
gvv,2,0,280,45.939604,116.221534
gwf,2,0,282,34.738622,118.216769
gwr,2,0,278,46.223296,97.643429
gxd,2,0,391,31.648500,94.705500
gy,2,0,338,34.691033,82.443626
gyb,2,0,385,30.168911,96.979872
gyg,2,0,359,44.749929,84.828285
gym,2,0,368,27.950000,110.933333
gyn,2,0,214,36.379576,86.411576
gyz,2,0,280,42.239981,104.714308
gzs,2,0,375,35.151470,87.058065
gzv,2,0,280,32.951509,98.413108
hae,2,0,411,39.727267,91.448485
hah,2,0,388,31.690220,91.293306
hai,2,0,407,41.958381,85.591659
hao,2,0,260,39.372556,84.572446
hau,2,0,386,46.568906,111.758064
hb,2,0,361,35.978206,79.584711
hbc,2,0,350,48.763911,101.535995
hbd,2,0,408,41.152863,80.530654
hbk,2,0,362,60.394174,146.090352
hbt,2,0,390,55.315566,160.518403
hbv,2,0,266,27.353926,98.744186
hbw,2,0,251,43.655168,90.333073
hbz,2,0,296,35.514328,92.011065
hcd,2,0,209,44.856906,94.383317
hck,2,0,296,38.628847,93.572433
hcy,2,0,257,44.914000,108.443167
hde,2,0,396,40.447983,99.340404
hdg,2,0,211,42.916181,114.674328
hdi,2,0,369,35.153685,84.905779
hdl,2,0,411,35.085361,96.413343
hee,2,0,251,34.571212,90.675942
heg,2,0,332,30.276628,81.808990
heh,2,0,524,40.025925,82.463517
hei,2,0,392,46.017033,102.648935
hek,2,0,236,33.728499,79.525060
hem,2,0,233,35.987952,85.586229
heq,2,0,404,40.581381,102.281299
het,2,0,267,35.404546,96.013888
heu,2,0,356,42.852965,73.934291
hf,2,0,244,41.635460,72.625619
hff,2,0,278,35.027935,79.485597
hfy,2,0,318,39.632685,86.090708
hhf,2,0,400,35.891126,100.405494
hhg,2,0,417,40.855657,85.464308
hhh,2,0,359,29.135519,98.941557
hhi,2,0,373,21.477881,158.033514
hhm,2,0,356,66.901252,162.564385
hhp,2,0,270,18.576389,72.286944
hhw,2,0,323,34.039687,95.539378
hhy,2,0,346,35.253978,88.204167
hil,2,0,308,38.359096,98.902952
hin,2,0,275,42.828806,103.093744
hiv,2,0,400,18.445833,69.671667
hix,2,0,356,36.880643,87.337580
hjh,2,0,323,40.150366,97.587764
hjm,2,0,415,33.613993,96.176089
hk,2,0,332,35.786604,81.305641
hk,2,0,332,41.719004,87.836444
hkf,2,0,239,39.498771,84.447517
hle,2,0,220,43.329072,114.242542
hlm,2,0,233,42.796689,86.157820
hlr,2,0,347,31.129064,97.711407
hlx,2,0,269,36.762238,80.821964
hma,2,0,329,29.373416,99.172023
hmj,2,0,281,40.026423,87.953089
hmm,2,0,410,46.256866,114.134260
hmq,2,0,212,32.790147,93.000716
hn,2,0,242,21.324896,158.048866
hn,2,0,264,35.449903,96.942972
hno,2,0,371,32.187936,94.861048
hnr,2,0,272,41.579059,95.340604
hns,2,0,245,59.212091,135.430856
ho,2,0,385,34.422702,93.189627
hoc,2,0,278,39.184787,83.542418
hoe,2,0,209,31.055486,82.772085
hor,2,0,260,9.980833,84.318611
hpc,2,0,362,33.717839,93.648762
hpl,2,0,375,38.242768,108.566758
hpt,2,0,230,42.725529,93.224924
hpy,2,0,275,29.790919,94.955343
hqg,2,0,365,37.163608,101.374686
hqt,2,0,417,35.433189,78.674931
hqu,2,0,333,33.527406,82.515639
hr,2,0,338,26.305239,97.657212
hrd,2,0,524,30.337431,94.260187
hru,2,0,407,38.692785,96.811121
hrx,2,0,341,34.856450,102.325201
hsb,2,0,230,37.811576,88.545330
htn,2,0,280,19.734167,72.200000
htn,2,0,320,46.412114,105.938340
hu,2,0,245,39.387844,87.397686
hua,2,0,287,34.698480,86.687996
hur,2,0,220,36.233292,79.065889
hvs,2,0,341,34.407098,80.115346
hw,2,0,299,39.353423,83.875622
hwb,2,0,263,40.265000,96.757082
hwq,2,0,242,46.434956,109.832406
hws,2,0,377,44.776884,89.678872
hxf,2,0,200,43.348056,88.396487
hxk,2,0,281,44.576972,71.179161
hxm,2,0,366,40.988556,75.996953
hxo,2,0,271,36.300422,78.618613
hye,2,0,221,31.366838,85.649936
hyw,2,0,370,33.829503,79.123929
hyx,2,0,385,43.431524,83.858165
hz,2,0,356,30.633133,91.489418
hzd,2,0,217,36.088478,88.466857
hze,2,0,414,47.298614,101.580997
hzp,2,0,248,39.939762,86.249575
ia,2,0,332,45.541258,122.462342
iak,2,0,243,29.652746,81.811616
ib,2,0,209,48.825166,91.577612
ibm,2,0,317,41.191370,103.669831
ibo,2,0,271,33.906026,94.843051
ibu,2,0,407,32.415377,81.663999
ic,2,0,332,37.578211,97.455824
ick,2,0,266,55.070880,131.605009
icl,2,0,353,40.726657,95.027479
icw,2,0,525,64.545693,149.076882
id,2,0,335,37.065731,95.777742
idl,2,0,284,33.480173,90.675647
ie,2,0,407,31.657445,93.077608
ieb,2,0,414,37.571432,92.658229
iew,2,0,396,31.953479,99.983703
iey,2,0,248,71.285444,156.806861
ifa,2,0,368,42.476648,93.265481
ifj,2,0,402,31.962940,92.657094
ihm,2,0,220,42.002766,71.197106
ihs,2,0,335,38.678330,104.753307
iib,2,0,206,42.452210,91.951007
iiy,2,0,435,33.774848,82.813200
ijz,2,0,272,38.175055,80.919987
ikv,2,0,293,41.698583,93.563972
iky,2,0,429,37.634643,85.236563
il,2,0,278,31.024039,97.708044
il,2,0,407,39.491923,83.736673
ili,2,0,328,59.747957,154.909605
ilj,2,0,254,37.299381,93.440916
ilt,2,0,247,34.987022,106.620384
ime,2,0,414,57.047602,135.367029
iml,2,0,283,40.511551,101.627530
imr,2,0,368,42.097880,70.675315
ims,2,0,404,38.760892,85.460515
in,2,0,353,48.481347,93.278067
ine,2,0,521,47.094368,114.396786
ing,2,0,275,40.125942,75.285179
inp,2,0,242,40.631927,79.065922
iny,2,0,317,35.697578,91.785420
iob,2,0,210,38.059986,83.981515
iom,2,0,363,44.805727,116.102349
ion,2,0,379,48.710192,117.413576
iqk,2,0,382,38.020417,77.859161
iqs,2,0,520,35.398647,94.794392
ira,2,0,398,43.692094,72.985914
irs,2,0,382,41.813139,85.433806
isb,2,0,269,43.368026,95.752516
ism,2,0,329,28.289376,81.434250
iss,2,0,407,43.982579,69.640324
isw,2,0,215,44.363937,89.839791
isz,2,0,388,39.248968,84.389475
itr,2,0,209,39.246239,102.283800
itu,2,0,371,47.365903,111.372863
iui,2,0,350,35.937740,89.833834
iul,2,0,356,41.498858,86.771517
ivv,2,0,379,43.560222,72.465556
iwe,2,0,350,31.980426,87.336936
iwh,2,0,329,40.763654,85.797706
iww,2,0,379,60.598737,151.211203
iy,2,0,417,43.133917,92.728191
izn,2,0,432,35.537634,81.086467
izs,2,0,426,32.367377,84.007407
j,2,0,353,22.085000,84.182222
j,2,0,385,44.966757,63.427086
ja,2,0,344,30.465040,81.801649
jas,2,0,344,30.954643,94.033522
jau,2,0,204,36.337829,84.160926
jb,2,0,384,34.546000,79.138361
jbl,2,0,256,32.201268,92.725986
jdm,2,0,408,39.510280,101.048239
jdn,2,0,263,47.333334,106.938124
je,2,0,397,38.548092,92.071994
jes,2,0,340,31.552437,81.887336
jf,2,0,373,40.586985,73.799650
jh,2,0,260,32.413032,90.261284
jhg,2,0,257,35.462500,87.630264
jhn,2,0,341,37.635571,101.734616
jjh,2,0,523,42.999351,74.332468
jjo,2,0,396,36.416509,81.824282
jmr,2,0,327,45.890291,93.268000
jn,2,0,263,35.475003,78.425289
jnm,2,0,392,33.737615,83.726841
jnr,2,0,382,63.907722,160.811944
jpa,2,0,347,29.668551,95.069888
jrv,2,0,375,44.578663,72.587337
jso,2,0,263,31.870170,95.215501
jtm,2,0,234,38.685378,80.651483
ju,2,0,410,36.433919,81.321940
jue,2,0,414,36.192164,86.313822
jug,2,0,388,32.668081,96.532252
juk,2,0,353,31.153565,81.389541
juy,2,0,264,31.304336,86.390788
jwg,2,0,359,35.861987,98.425351
jxt,2,0,346,36.110617,83.475562
jyg,2,0,260,43.985444,94.552222
jyl,2,0,245,32.649060,81.593719
jyn,2,0,208,35.526083,77.900278
jyr,2,0,257,40.897547,97.617013
jzi,2,0,283,32.701290,80.005647
jzp,2,0,285,34.454535,84.459648
jzy,2,0,251,40.518374,90.560407
kin,2,0,360,17.963333,76.875833
kka,2,0,299,64.931985,161.147898
kn,2,0,215,58.690218,156.678080
kz,2,0,248,43.933657,79.329236
lac,2,0,328,47.007959,122.556429
lah,2,0,276,43.702306,72.177444
lal,2,0,370,15.475000,87.899722
lce,2,0,227,15.738056,86.891944
lcg,2,0,389,42.235925,96.985846
lcq,2,0,204,30.185343,82.578594
lcy,2,0,326,35.845556,97.415806
ldm,2,0,341,43.963158,86.409508
lds,2,0,389,48.545415,109.690367
le,2,0,242,37.987046,84.660449
le,2,0,350,35.927149,78.721816
lee,2,0,335,28.818239,81.807256
lfa,2,0,347,41.985152,121.642773
lfb,2,0,245,36.515078,86.060985
lgd,2,0,296,45.372361,117.993000
lhc,2,0,265,35.284642,89.671386
lhx,2,0,239,38.048203,103.621168
li,2,0,353,34.668954,92.305540
lio,2,0,380,9.976667,83.032778
liu,2,0,212,33.919342,102.386633
ljk,2,0,280,37.773198,77.479706
lka,2,0,257,33.974839,117.552014
lkg,2,0,242,32.174468,84.108157
lkr,2,0,400,34.723756,80.858128
lld,2,0,353,20.772444,156.973417
lle,2,0,329,43.425556,88.129816
llj,2,0,397,44.519367,114.215619
lln,2,0,266,33.555649,102.375182
llu,2,0,356,37.486992,94.310227
llw,2,0,254,36.262990,76.297769
llx,2,0,353,44.504222,72.029263
lm,2,0,338,38.800329,90.474749
lmm,2,0,227,25.816667,108.983333
lms,2,0,212,33.143737,89.060896
ln,2,0,385,40.747113,96.762436
lnc,2,0,239,32.577636,96.721662
lnl,2,0,396,46.156917,89.209222
lnt,2,0,344,45.648583,68.550333
lo,2,0,415,44.575424,111.197557
log,2,0,242,-14.353750,170.748944
lop,2,0,217,38.995174,122.883606
lor,2,0,269,31.360282,85.743547
lpc,2,0,400,34.664611,120.463333
lq,2,0,382,42.452041,70.963299
lqk,2,0,408,34.811217,82.703517
lql,2,0,263,41.682407,81.378999
lqr,2,0,296,38.204458,99.087601
lqv,2,0,252,36.707033,83.074058
lqx,2,0,339,40.812036,75.759079
lrg,2,0,216,45.356445,68.536970
lrj,2,0,382,42.774434,96.192523
lrr,2,0,379,30.641222,92.689158
lrt,2,0,269,35.235525,87.260654
lsa,2,0,338,32.757044,101.915434
lso,2,0,256,46.155472,122.912639
ltd,2,0,371,39.166186,89.668980
ltu,2,0,326,43.127052,95.132716
lua,2,0,245,38.699562,78.471675
lug,2,0,251,35.500500,86.809722
luk,2,0,335,39.159611,84.341271
lur,2,0,385,68.865966,166.069743
lux,2,0,307,34.508181,81.949817
lv,2,0,374,37.692319,121.683923
lvv,2,0,404,42.707791,88.593157
lw,2,0,257,50.060833,119.415278
lw,2,0,346,37.782177,80.468436
lwg,2,0,225,44.613593,123.270655
lwt,2,0,353,47.067445,109.535325
lxl,2,0,359,45.949966,94.341668
lxt,2,0,263,38.961092,94.371356
lxv,2,0,236,39.224578,106.315039
lxy,2,0,329,31.639612,96.512203
ly,2,0,385,37.262450,79.243273
lyd,2,0,249,29.816366,95.677669
lyl,2,0,362,40.704523,84.023251
lyo,2,0,386,38.347233,98.227006
lys,2,0,360,42.283621,78.335044
lyz,2,0,359,30.972531,84.526108
ma,2,0,326,31.988017,102.325071
maj,2,0,316,7.068861,-171.281750
mao,2,0,388,34.185161,79.333104
mbt,2,0,317,35.872537,86.379464
mbv,2,0,356,36.692367,78.056385
mby,2,0,302,39.464861,92.431833
mc,2,0,413,31.254537,90.510433
mcx,2,0,377,40.710316,86.762234
mcy,2,0,326,36.627455,116.027532
mcz,2,0,336,35.859048,77.177933
mde,2,0,379,39.222738,84.355367
mdf,2,0,284,36.486424,99.192880
mds,2,0,400,44.013862,97.088394
mdz,2,0,335,45.105361,90.308694
me,2,0,257,34.734014,79.444336
me,2,0,287,35.061473,90.071621
me,2,0,350,41.967779,88.026541
me,2,0,356,32.247312,88.771603
mej,2,0,389,37.284190,100.358480
mey,2,0,335,42.180545,95.794729
mez,2,0,242,34.548634,94.209876
mf,2,0,372,40.766084,82.445000
mfi,2,0,391,44.640880,90.187688
mfs,2,0,403,30.523246,98.357802
mfv,2,0,388,37.656021,75.758235
mgc,2,0,203,41.707152,86.816611
mha,2,0,364,46.122989,89.882697
mhm,2,0,227,63.883898,152.316510
mhp,2,0,432,32.372398,82.084009
mid,2,0,280,20.951944,89.726944
mig,2,0,232,35.278809,89.933143
mii,2,0,316,33.040396,96.248589
miq,2,0,292,10.611389,66.984167
miw,2,0,239,42.109931,92.916950
mjq,2,0,353,43.647180,94.986102
mk,2,0,335,36.920877,81.242360
mka,2,0,371,44.521278,98.959194
mko,2,0,306,35.594820,95.287188
mkp,2,0,287,40.355180,79.781018
mks,2,0,354,33.191002,80.033416
mkv,2,0,347,31.095466,92.072624
mky,2,0,375,25.999052,81.675359
ml,2,0,380,33.151810,83.159597
ml,2,0,392,47.623363,70.324819
mle,2,0,371,41.194860,96.114046
mlk,2,0,272,48.351664,107.894006
mlr,2,0,382,40.541730,81.872639
mmi,2,0,242,35.394573,84.561627
mmk,2,0,238,41.510542,72.828405
mms,2,0,391,34.232972,90.289788
mmt,2,0,427,33.935709,80.798977
mmy,2,0,272,31.571285,93.541566
mnc,2,0,348,47.248428,123.086541
mnd,2,0,332,58.358866,134.633590
mne,2,0,201,32.641260,93.301836
mnf,2,0,365,36.993943,91.712644
mni,2,0,381,33.588219,80.206193
mnl,2,0,524,61.124228,146.352221
mnn,2,0,201,40.617003,83.069078
mnv,2,0,361,35.545020,84.383007
mnz,2,0,251,31.620157,98.147534
mo,2,0,248,30.760716,88.302786
mog,2,0,404,41.727199,122.481828
mpa,2,0,238,43.603372,116.539068
mpe,2,0,219,32.798550,89.124589
mpj,2,0,410,35.118697,92.925170
mpr,2,0,227,38.348342,97.687265
mpz,2,0,212,40.942809,91.509325
mqd,2,0,391,39.117442,96.629337
mqi,2,0,370,35.915336,75.695064
mqw,2,0,280,32.094620,82.883754
mrh,2,0,269,34.731231,76.662100
mrj,2,0,365,42.888051,90.226514
mrk,2,0,338,32.406811,91.772626
mrt,2,0,303,40.226727,83.349614
ms,2,0,266,44.825744,93.091328
ms,2,0,338,30.025203,90.399887
ms,2,0,359,41.766644,74.860802
ms,2,0,388,52.261416,128.723284
ms,2,0,400,43.062666,89.345896
msa,2,0,381,33.128454,94.974102
msb,2,0,410,37.791430,95.414982
msd,2,0,414,32.064329,93.764461
mt,2,0,347,39.442417,88.173472
mth,2,0,260,24.711864,81.095379
mtn,2,0,342,39.299747,76.380126
mtq,2,0,359,33.425338,90.982104
mut,2,0,272,41.362194,91.146179
mvi,2,0,311,37.527989,106.045075
mvm,2,0,251,44.704522,67.478325
mvq,2,0,215,34.333427,92.762388
mw,2,0,408,47.115531,119.274882
mwl,2,0,266,32.785129,98.057266
mwm,2,0,203,43.909402,95.109158
mwx,2,0,257,44.120590,72.518354
mx,2,0,248,41.741450,87.689689
mxa,2,0,282,35.891244,90.156936
mxo,2,0,397,42.200560,91.137093
mxr,2,0,284,36.700585,104.539712
my,2,0,222,39.169391,121.609856
myz,2,0,341,39.852779,96.633353
mzh,2,0,362,46.416136,92.804492
nau,2,0,392,20.200000,96.766667
nca,2,0,356,34.721636,77.429602
ndj,2,0,359,8.720833,-167.727500
nel,2,0,396,40.044716,74.335728
nhk,2,0,400,38.285957,76.403006
nkt,2,0,245,34.834049,76.802436
nm,2,0,278,49.723839,77.741667
nog,2,0,265,31.216667,110.983333
nrn,2,0,230,39.855423,99.889011
nsi,2,0,203,33.235854,119.449375
nuc,2,0,350,33.027255,118.571470
nud,2,0,347,51.916978,176.566826
nvk,2,0,368,30.768800,87.072745
nxx,2,0,388,40.189273,75.145326
o,2,0,270,47.619167,52.866944
oay,2,0,263,64.696071,162.062911
oc,2,0,253,31.485556,94.720194
occ,2,0,385,59.543615,139.728133
ocq,2,0,388,44.875861,87.912389
odd,2,0,224,47.363961,122.308984
odx,2,0,356,41.623759,98.948005
oea,2,0,251,38.691436,87.555300
oel,2,0,380,39.112508,100.815424
oeo,2,0,233,45.310389,92.688083
of,2,0,510,41.887639,97.480278
ofz,2,0,388,34.781374,98.402304
ogm,2,0,375,46.850220,89.365143
ogy,2,0,414,40.568133,73.882969
ohe,2,0,214,31.578188,102.905709
ohy,2,0,400,31.997117,83.862674
oi,2,0,305,42.460272,96.462225
oin,2,0,341,39.829727,100.537646
oip,2,0,410,32.398464,98.810340
oix,2,0,266,41.362533,88.854244
oja,2,0,272,35.530052,98.670629
ok,2,0,406,35.471447,97.605457
oks,2,0,233,41.401139,102.350861
okt,2,0,350,29.312746,97.138597
okz,2,0,212,32.964599,82.838194
old,2,0,272,45.006733,68.633364
olf,2,0,404,48.104463,105.601916
olg,2,0,388,46.317056,91.813944
olr,2,0,290,35.104508,97.971712
olt,2,0,346,60.474986,150.878881
olv,2,0,275,34.979537,89.790086
oly,2,0,272,38.718103,88.172818
olz,2,0,260,42.684150,91.976284
om,2,0,320,41.366913,95.956402
omk,2,0,396,48.453486,119.516717
onh,2,0,515,38.637145,92.244740
ono,2,0,305,44.019746,117.008357
ony,2,0,272,33.351217,98.816175
ooa,2,0,414,41.225566,92.487411
op,2,0,316,40.977043,73.118441
op,2,0,339,32.919300,84.187139
opl,2,0,335,30.655474,92.098453
opz,2,0,356,48.479266,122.921011
oqk,2,0,414,67.571874,162.973785
oqw,2,0,386,42.051408,90.740971
oqz,2,0,212,36.297593,88.994843
orb,2,0,341,48.018444,92.861417
orc,2,0,521,42.991376,96.060574
ore,2,0,205,42.560643,72.201193
org,2,0,211,30.070283,93.794943
orj,2,0,258,41.912556,79.648384
os,2,0,515,40.073617,83.198053
ose,2,0,251,60.791303,161.872714
osx,2,0,269,33.090934,89.540380
ot,2,0,378,43.394739,124.310174
ouc,2,0,404,35.116559,75.987399
ouk,2,0,323,34.401562,84.926526
oun,2,0,260,35.237427,97.481201
ove,2,0,212,39.494698,121.622147
ovo,2,0,374,39.049776,85.601080
owc,2,0,390,31.404838,82.923757
owi,2,0,251,38.542513,95.254418
owp,2,0,362,36.166753,96.150282
owu,2,0,329,36.434315,99.524168
ox,2,0,407,38.362615,75.199633
oxd,2,0,282,39.507274,84.782176
oxv,2,0,284,41.295889,93.114139
oyd,2,0,388,34.298787,85.164089
oyi,2,0,226,33.418136,80.905769
oyn,2,0,208,64.512843,165.433417
oz,2,0,212,31.225646,85.815963
ozw,2,0,243,42.633894,83.987731
ozz,2,0,329,35.507585,93.840752
pai,2,0,370,34.259725,118.413415
pb,2,0,356,26.687704,80.210185
pbc,2,0,365,35.608211,87.091395
pbh,2,0,263,45.703250,90.412944
pbt,2,0,338,40.114044,122.237494
pcm,2,0,346,28.002472,82.156722
pcw,2,0,423,41.518579,82.868717
pcz,2,0,382,44.332028,89.016194
pd,2,0,230,45.695521,118.730529
pdn,2,0,371,56.954028,158.648853
pdr,2,0,233,41.031163,83.975221
pdw,2,0,284,38.040126,87.530932
pea,2,0,257,41.405275,92.943254
ped,2,0,221,36.536434,86.917554
pee,2,0,305,62.331160,150.096425
pen,2,0,201,46.139526,123.587299
pez,2,0,275,28.954972,98.518628
pfh,2,0,272,42.252865,73.723179
pfl,2,0,308,34.608852,98.403775
pft,2,0,342,48.993407,95.977461
pgr,2,0,383,36.062789,90.510994
phg,2,0,368,39.706121,99.288429
pho,2,0,221,68.344830,166.797447
pi,2,0,356,40.605677,89.593128
pic,2,0,339,40.809709,72.906215
pim,2,0,272,32.842908,84.872432
pix,2,0,344,41.276806,76.710139
piz,2,0,347,69.734393,163.013496
pj,2,0,329,60.439444,134.861365
pjm,2,0,308,18.036111,63.117500
pjn,2,0,242,26.132316,80.218864
pjr,2,0,252,31.596251,89.905163
pjs,2,0,375,37.132861,76.493222
pjy,2,0,215,37.975051,89.363144
pk,2,0,269,46.834125,94.975241
pkf,2,0,371,45.953056,90.426111
pkv,2,0,515,28.650551,96.681368
pkz,2,0,326,30.437068,87.178374
pld,2,0,257,40.453656,84.983579
plk,2,0,204,36.627562,93.229903
plr,2,0,257,33.558993,86.249421
pls,2,0,275,47.695772,114.187895
plt,2,0,407,41.496567,97.381764
plv,2,0,366,45.283397,122.770900
plx,2,0,391,39.013376,87.640858
pmh,2,0,373,38.781743,82.844892
pmv,2,0,329,40.951389,95.915786
pmx,2,0,212,42.226204,72.311470
pmz,2,0,221,35.809884,76.762722
pn,2,0,515,36.825033,97.100539
pna,2,0,392,42.797083,109.803483
pni,2,0,366,6.982333,-158.202083
pnj,2,0,347,40.946528,74.150861
pnm,2,0,368,45.564667,93.607611
pnu,2,0,255,40.144508,80.162563
po,2,0,308,39.753848,104.882698
po,2,0,403,41.575316,73.965222
poa,2,0,332,19.541140,154.972228
pob,2,0,338,35.226639,78.954611
poh,2,0,314,42.746918,94.648035
pos,2,0,382,10.594167,61.426389
poy,2,0,344,44.866812,108.786300
ppa,2,0,368,35.611155,100.996261
ppf,2,0,293,37.338146,95.508701
ppi,2,0,400,44.873133,92.942267
ppk,2,0,233,40.829194,73.974444
ppq,2,0,344,39.640881,90.780128
pqf,2,0,248,32.809367,96.529120
pqn,2,0,284,43.986081,96.296422
prg,2,0,341,39.698368,87.674191
pri,2,0,367,37.765051,90.429289
prn,2,0,359,31.850985,86.614418
pro,2,0,251,41.830541,94.160515
prz,2,0,407,34.151248,103.406343
psh,2,0,379,47.936123,102.137114
psn,2,0,375,31.780169,95.701069
pss,2,0,338,40.686263,98.477537
ptb,2,0,284,37.130150,77.574711
ptd,2,0,400,44.723390,74.882696
pti,2,0,397,62.073308,152.733080
ptn,2,0,245,29.714624,91.336718
pts,2,0,365,37.442272,94.726628
ptt,2,0,356,37.723906,98.747036
puf,2,0,345,43.351069,94.737760
pur,2,0,371,39.041963,93.195685
puu,2,0,379,35.141874,111.670716
pv,2,0,387,21.777222,72.260833
pvb,2,0,203,42.688051,90.436517
pvc,2,0,389,42.068894,70.223567
pvg,2,0,241,36.780149,76.445501
pvj,2,0,384,34.715359,97.229272
pvq,2,0,234,70.223006,148.417220
pwd,2,0,251,48.790028,104.527179
pwf,2,0,245,39.076701,84.215408
pwt,2,0,206,47.492306,122.756592
pya,2,0,260,42.643958,77.055802
pyc,2,0,290,70.328040,149.635334
pyg,2,0,270,34.744960,80.338092
pyx,2,0,266,36.412809,100.738483
pzq,2,0,215,45.404736,83.820275
pzx,2,0,221,36.030125,90.596970
qi,2,0,206,43.793333,66.126111
r,2,0,403,43.738379,79.703136
ra,2,0,206,42.682547,87.899467
ra,2,0,254,43.964850,102.998898
rbd,2,0,287,32.676938,96.871086
rbe,2,0,341,42.573583,99.577812
rbj,2,0,220,32.074042,111.360308
rbw,2,0,221,32.925809,80.640185
rck,2,0,221,30.283546,96.983594
rcr,2,0,216,41.065042,86.190277
rcx,2,0,356,45.501833,91.001111
rcz,2,0,375,34.852656,79.693667
rd,2,0,411,44.307984,121.018945
rdk,2,0,230,41.016104,95.253325
red,2,0,203,45.239944,109.264322
ren,2,0,226,33.547055,92.095972
rfe,2,0,344,35.349009,81.952883
rg,2,0,350,35.295063,97.588677
rgk,2,0,394,44.588856,92.492133
rgl,2,0,206,56.486964,132.387713
rhz,2,0,253,28.223620,82.161472
rie,2,0,407,45.479556,91.720722
rk,2,0,249,36.599306,76.649097
rkp,2,0,391,28.090506,97.046559
rl,2,0,399,44.460234,69.734879
rll,2,0,263,48.881395,99.614865
rls,2,0,264,41.344528,71.814306
rmd,2,0,204,42.011555,117.720975
rn,2,0,209,35.752403,85.764149
rnb,2,0,363,39.418282,75.135154
rnh,2,0,257,45.147250,92.533444
rnt,2,0,353,47.495433,122.214733
rnv,2,0,272,33.807057,90.762598
rnw,2,0,388,35.509580,77.106620
ro,2,0,305,33.365350,104.442134
rob,2,0,400,31.503807,97.069582
roq,2,0,368,32.608597,92.588344
ror,2,0,371,7.363583,-134.533028
ros,2,0,282,45.696797,92.955739
rpb,2,0,414,39.813200,97.658236
rpf,2,0,332,32.180244,94.296307
rpx,2,0,362,46.480520,108.567357
rqm,2,0,221,44.934555,70.751124
rqo,2,0,335,35.478664,98.008939
rqy,2,0,284,38.893944,79.859311
rrj,2,0,368,38.527833,86.527794
rrl,2,0,257,45.198583,89.704278
rrq,2,0,515,43.451082,96.178083
rrx,2,0,326,40.844451,99.856229
rsy,2,0,359,34.613497,79.059755
ru,2,0,275,35.733144,80.489619
rue,2,0,379,35.257083,93.094611
rug,2,0,212,48.387859,100.026941
ruv,2,0,326,40.458942,83.667987
rv,2,0,407,40.614709,77.717939
rvb,2,0,407,45.549917,100.410194
rvj,2,0,424,32.057695,82.152343
rvn,2,0,329,36.455929,82.884385
rw,2,0,235,35.767657,77.964597
rwn,2,0,335,41.093930,86.604454
rwo,2,0,394,57.774468,152.323143
ryb,2,0,375,32.301536,90.411483
ryn,2,0,338,32.138383,111.161515
rys,2,0,419,42.101153,83.152952
ryv,2,0,371,43.173662,88.725295
rzl,2,0,362,40.946982,87.183635
rzo,2,0,391,32.414306,88.015296
rzt,2,0,236,39.439507,83.027405
rzz,2,0,407,36.440984,77.708314
sa,2,0,374,43.930556,60.023611
saa,2,0,266,41.444978,106.832111
sak,2,0,515,48.108288,114.461244
sar,2,0,239,38.145327,89.702321
saz,2,0,257,46.382278,94.804944
sb,2,0,397,34.056463,117.366092
sbq,2,0,245,33.891225,89.874532
sbs,2,0,245,40.470227,106.830159
sbu,2,0,332,43.597038,94.096849
sbx,2,0,347,48.541098,111.865580
scd,2,0,284,33.174227,86.318198
scg,2,0,385,48.259905,92.474602
sco,2,0,283,48.808635,105.436106
sd,2,0,229,38.087068,85.757489
sda,2,0,411,40.756942,95.415822
sdl,2,0,224,33.629097,111.907838
sdr,2,0,359,32.701220,100.947341
sdy,2,0,359,47.711444,104.181806
se,2,0,344,32.269778,86.927569
sef,2,0,382,27.460500,81.349722
sen,2,0,260,35.780138,80.298385
sez,2,0,334,34.828768,111.814266
sfb,2,0,408,28.784923,81.243330
sff,2,0,365,47.686171,117.311739
sfq,2,0,203,36.680428,76.608285
sfz,2,0,241,41.919056,71.488583
sg,2,0,332,44.398518,88.132853
sgr,2,0,388,29.632484,95.656030
sgt,2,0,269,34.664539,91.591797
sh,2,0,230,32.501791,93.878098
shh,2,0,365,66.258167,166.052503
shl,2,0,338,43.214171,95.833850
sif,2,0,423,36.382248,79.763339
sik,2,0,272,36.887830,89.564802
sir,2,0,368,41.801987,107.092186
sit,2,0,358,56.854620,135.534353
siv,2,0,326,39.113569,87.446798
sj,2,0,330,18.408837,66.089138
sjx,2,0,382,45.693324,85.558649
sjy,2,0,227,33.794936,116.999274
skb,2,0,325,17.290556,62.746944
skb,2,0,344,33.790100,98.486442
ski,2,0,356,42.380536,94.982489
skn,2,0,256,35.984007,85.808124
skr,2,0,251,42.455750,71.178528
skw,2,0,269,61.966142,151.201419
skx,2,0,414,36.457801,105.676401
slb,2,0,227,42.600481,95.244385
slg,2,0,284,36.189247,94.488549
slo,2,0,400,38.644021,88.967366
slp,2,0,417,35.252678,81.598797
slw,2,0,400,40.875056,81.833192
sly,2,0,344,46.110229,91.383792
sms,2,0,252,33.990711,80.360636
smu,2,0,221,61.787269,147.678317
smy,2,0,329,30.871578,85.224930
sn,2,0,312,15.111444,-145.710333
snl,2,0,227,35.354528,96.946361
soa,2,0,371,30.581848,100.647039
sow,2,0,206,34.267264,110.008222
soy,2,0,368,43.133038,96.189744
sp,2,0,296,33.910653,98.454580
sp,2,0,382,39.773139,89.759889
spf,2,0,300,44.484361,103.784389
sph,2,0,375,32.920256,93.409372
spp,2,0,387,12.583333,81.700000
spq,2,0,414,35.201478,90.051480
spy,2,0,314,57.157826,170.230932
sqm,2,0,529,56.464581,133.097375
sqt,2,0,257,28.099469,80.700808
src,2,0,323,35.212030,91.732637
sre,2,0,278,35.271741,96.674740
sri,2,0,399,56.573921,169.647885
srw,2,0,233,35.678084,80.505949
ssn,2,0,208,42.744514,76.904683
ssq,2,0,212,45.727667,91.919500
stf,2,0,281,33.432067,88.850333
sti,2,0,333,43.113250,115.658500
su,2,0,414,42.327548,96.290249
sue,2,0,414,44.836917,87.422472
suh,2,0,356,43.997738,69.117527
sur,2,0,362,31.612966,83.290712
suw,2,0,260,46.691278,92.103417
sw,2,0,335,41.485844,74.228010
swa,2,0,407,17.406944,83.941667
swt,2,0,269,40.861264,97.111942
swu,2,0,350,43.432250,112.162472
sww,2,0,275,32.461507,100.465940
swz,2,0,391,35.956814,86.463909
sxd,2,0,265,43.269964,72.586286
sya,2,0,221,52.721997,-174.060286
syf,2,0,386,39.726937,101.764895
syg,2,0,338,29.502248,95.468385
sys,2,0,209,40.085696,78.916549
syw,2,0,428,32.981508,96.067194
syz,2,0,365,39.406706,88.843682
szo,2,0,227,43.904239,70.782284
szt,2,0,264,48.290757,116.563526
szy,2,0,386,35.236887,88.516072
ta,2,0,350,8.388889,82.427778
tad,2,0,329,37.306099,104.333368
tan,2,0,227,41.876490,71.016987
taz,2,0,395,39.536103,89.323617
tbg,2,0,311,8.785556,79.560278
tby,2,0,257,41.529250,73.143861
tcy,2,0,203,37.692397,121.444631
tdo,2,0,219,46.476000,122.816917
tec,2,0,368,37.207768,80.411939
tel,2,0,206,38.014225,86.690263
tf,2,0,373,38.290863,104.355023
tgc,2,0,378,35.934234,88.850868
tgq,2,0,398,34.528601,78.515888
thg,2,0,341,33.527913,82.438460
thj,2,0,346,31.687495,89.189808
tii,2,0,269,41.098110,83.207698
tiq,2,0,410,36.249559,88.415353
tkb,2,0,347,27.605865,98.089725
tkk,2,0,375,7.457139,-151.840472
tkx,2,0,358,36.228954,90.036204
tl,2,0,379,30.326193,84.358254
tm,2,0,409,31.363271,83.444023
tmv,2,0,290,32.868640,99.733035
tmz,2,0,408,30.073635,95.555581
tnc,2,0,347,65.565329,167.908878
tny,2,0,358,35.134083,86.542022
tnz,2,0,227,36.205623,90.923175
to,2,0,365,31.830321,86.105428
to,2,0,521,39.120360,95.687120
tof,2,0,269,42.619333,70.956778
tog,2,0,393,59.064084,160.374085
tor,2,0,293,42.066075,104.153283
tox,2,0,371,35.761528,79.462242
tpf,2,0,270,27.908356,82.454317
tqh,2,0,215,35.926482,95.005790
tqk,2,0,256,38.480211,100.888336
trx,2,0,400,40.080291,93.592996
ts,2,0,371,34.953526,89.973501
tso,2,0,395,40.562632,81.077597
ttq,2,0,335,35.116474,83.956573
tuk,2,0,194,41.268652,70.179934
tur,2,0,234,8.116667,76.716667
tut,2,0,403,-14.332139,170.719500
tv,2,0,344,32.244806,91.025833
tv,2,0,365,44.734503,85.429289
tvk,2,0,290,40.687098,92.899922
tvx,2,0,521,39.713990,86.806091
tvy,2,0,371,40.610750,112.347667
twl,2,0,204,34.952941,80.705199
twm,2,0,243,47.052155,91.744620
twt,2,0,276,37.466691,87.947025
ty,2,0,320,32.415756,95.469624
tyc,2,0,272,37.401883,85.243688
tyv,2,0,290,34.952421,92.019367
tz,2,0,364,39.086495,78.068609
tzo,2,0,251,35.769799,96.424729
tzt,2,0,371,41.885511,92.283161
ua,2,0,226,68.922931,137.262500
uad,2,0,263,36.490907,121.474909
uba,2,0,278,20.356944,74.502222
ubc,2,0,239,31.680375,99.974779
ube,2,0,375,45.509194,91.976722
ubo,2,0,296,22.685833,82.282500
ubx,2,0,380,38.065322,91.427373
ucf,2,0,212,22.111389,80.427778
ucm,2,0,370,21.398333,77.903333
ucp,2,0,272,41.023671,80.414789
udg,2,0,245,34.443239,79.887342
ues,2,0,359,43.044705,88.235231
ugn,2,0,230,22.072778,81.036111
ugs,2,0,250,39.256958,82.125831
uha,2,0,348,22.931667,82.491389
uhg,2,0,353,20.760000,76.350000
ui,2,0,293,39.886991,91.253616
uis,2,0,305,22.913056,80.038056
uiz,2,0,215,42.661421,82.965481
uk,2,0,209,36.112851,81.098092
ukk,2,0,338,70.637611,160.009406
ukl,2,0,245,38.299722,95.721667
ukt,2,0,208,40.424825,75.297399
ulh,2,0,332,35.461576,86.241686
ulm,2,0,272,44.317858,94.498100
uls,2,0,395,37.597520,101.367114
umm,2,0,326,63.328118,149.130672
umo,2,0,212,20.663333,74.931389
ump,2,0,338,39.937705,86.050235
umt,2,0,360,69.369615,152.138292
un,2,0,381,32.533333,117.033333
une,2,0,379,40.957062,94.346057
ung,2,0,412,21.753333,82.881389
uno,2,0,335,36.878279,91.900678
unu,2,0,344,43.430272,88.700659
uoc,2,0,524,41.632017,91.542862
uos,2,0,275,35.204248,85.895811
uot,2,0,326,34.684023,81.642323
upa,2,0,382,22.373611,78.773056
upk,2,0,251,32.483836,83.010924
uqn,2,0,372,32.223243,82.298179
uqs,2,0,241,70.212517,150.999894
ur,2,0,321,39.045837,84.773114
usc,2,0,240,22.477778,79.991944
use,2,0,375,41.609218,84.132725
usj,2,0,402,22.085833,84.214444
usr,2,0,315,21.745833,78.811944
uto,2,0,272,65.991961,153.721234
uts,2,0,308,30.740739,95.590881
uuv,2,0,356,38.235447,91.163967
uv,2,0,396,36.589860,79.917263
uva,2,0,281,29.178018,99.725610
uvr,2,0,272,23.090000,81.367222
uwi,2,0,400,34.789524,84.946055
uwl,2,0,385,39.879963,85.318829
uwp,2,0,323,47.294722,53.991389
ux,2,0,278,30.198539,93.420642
uyf,2,0,284,39.934227,83.466309
uz,2,0,227,34.890139,81.081008
uzg,2,0,283,22.933056,82.038889
vbw,2,0,241,38.365543,78.961195
vcy,2,0,382,46.877478,97.913990
ved,2,0,247,31.102356,93.341944
vep,2,0,392,27.664139,80.419556
ver,2,0,347,38.949444,92.684167
ves,2,0,356,40.206159,84.522731
vfu,2,0,411,40.862548,84.613846
vhn,2,0,233,31.061702,104.786736
vi,2,0,344,36.203944,86.652774
viq,2,0,368,44.557184,90.515136
vir,2,0,281,71.282306,156.781250
vit,2,0,277,37.203972,79.881536
viv,2,0,284,32.859583,94.010181
vj,2,0,236,36.734000,81.949292
vkn,2,0,268,44.386667,72.693533
vks,2,0,382,32.232928,90.926494
vkx,2,0,241,38.748889,76.956111
vlx,2,0,348,35.867574,92.094596
vmr,2,0,375,42.763331,96.934488
vnc,2,0,206,27.061442,82.430572
vof,2,0,370,33.629838,83.782123
vp,2,0,212,41.451152,86.877524
vq,2,0,230,42.356260,82.954277
vrt,2,0,230,34.225918,99.279249
vti,2,0,338,42.221660,92.020180
vtn,2,0,314,42.861616,100.549634
vtr,2,0,350,62.946874,155.557316
vu,2,0,346,35.488494,80.080253
vv,2,0,299,39.882771,79.744712
vv,2,0,353,33.646142,83.020814
vvv,2,0,332,45.301631,96.421445
vw,2,0,280,35.774553,81.064964
vwd,2,0,224,42.927580,72.863987
vyi,2,0,327,20.880764,156.442652
vys,2,0,230,41.354757,89.148140
wc,2,0,332,49.003167,122.733786
xbr,2,0,410,31.561828,86.293013
xcr,2,0,404,46.078577,94.343335
xen,2,0,395,39.715060,83.929930
xqa,2,0,236,45.521712,69.674501
xvg,2,0,392,46.994300,94.206506
xw,2,0,400,38.573581,83.647024
xwy,2,0,278,42.943868,91.782382
xz,2,0,205,48.021652,84.747275
yag,2,0,376,48.689667,93.539040
yel,2,0,276,46.371690,82.628289
yg,2,0,347,46.192294,63.148211
yjq,2,0,325,52.185039,128.113531
yk,2,0,269,49.325234,117.633038
ynp,2,0,290,12.133333,86.200000
yp,2,0,317,9.499611,-138.088083
ysh,2,0,334,44.900880,76.010540
ysl,2,0,404,47.207821,67.869744
ysu,2,0,254,46.397010,63.881569
yt,2,0,260,47.669722,52.809444
yy,2,0,340,48.566689,68.258671
yza,2,0,236,50.701944,121.318889
yzx,2,0,266,44.922862,65.101859
zbb,2,0,396,25.708889,79.275833
zcc,2,0,302,25.417222,77.896389
zdx,2,0,369,17.156667,61.792222
zdz,2,0,392,17.533333,88.300000
zef,2,0,326,36.313190,80.723400
zes,2,0,353,50.782237,128.426837
zfp,2,0,209,26.518333,78.775000
zgb,2,0,224,25.263889,76.316667
zgt,2,0,362,12.147500,61.611667
zin,2,0,376,20.959722,73.677500
ziy,2,0,344,19.285833,81.386944
zls,2,0,526,23.580556,75.263889
zmh,2,0,361,26.511111,77.076944
zqa,2,0,251,25.040306,77.470306
zzv,2,0,204,39.906319,81.919273
