dovrr,4,0,0,	18.7166666667, 157.666666667,
carrp,4,0,0,	19.7333333333, 159.583333333,
bilge,4,0,0,	20.0722222222, 156.6,
kayak,4,0,0,	20.0611111111, 156.486111111,
vecki,4,0,0,	21.1722222222, 157.366666667,
amery,4,0,0,	20.7722222222, 157.816666667,
typho,4,0,0,	21.0277777778, 156.65,
okala,4,0,0,	20.5361111111, 156.711111111,
tammi,4,0,0,	21.6833333333, 156.266666667,
rowin,4,0,0,	21.475, 156.544444444,
paris,4,0,0,	20.3694444444, 155.741666667,
cooke,4,0,0,	20.6944444444, 156.130555556,
hefti,4,0,0,	21, 156.866666667,
fires,4,0,0,	21.0194444444, 157.194444444,
choko,4,0,0,	21.3666666667, 160.883333333,
binjo,4,0,0,	20.9277777778, 162.369444444,
crisi,4,0,0,	21.675, 158.625,
pulps,4,0,0,	21.0166666667, 157.480555556,
maken,4,0,0,	22.2138888889, 157.347222222,
elysa,4,0,0,	20.8, 157.047222222,
harpo,4,0,0,	21.45, 158.038888889,
jorda,4,0,0,	21.6138888889, 158.872222222,
camps,4,0,0,	22.1722222222, 156.855555556,
beach,4,0,0,	22.1861111111, 156.880555556,
keiki,4,0,0,	20.9361111111, 157.841666667,
zukey,4,0,0,	22.3666666667, 160.158333333,
fites,4,0,0,	21.9055555556, 153.063888889,
keahi,4,0,0,	21.9111111111, 157.833333333,
gramy,4,0,0,	21.0388888889, 157.511111111,
barby,4,0,0,	21.95, 157.286111111,
serah,4,0,0,	22.3111111111, 158.508333333,
roshe,4,0,0,	21.9138888889, 157.630555556,
sakki,4,0,0,	22.4277777778, 157.986111111,
opaca,4,0,0,	21.4944444444, 158.636111111,
julle,4,0,0,	21.9444444444, 158.541666667,
chain,4,0,0,	21.6, 157.825,
alana,4,0,0,	21.9305555556, 158.508333333,
kaths,4,0,0,	22.1055555556, 161.683333333,
opihi,4,0,0,	22.3361111111, 158.397222222,
palay,4,0,0,	21.675, 157.933333333,
lokie,4,0,0,	21.8472222222, 158.505555556,
secil,4,0,0,	21.4055555556, 158.636111111,
nonni,4,0,0,	22.3916666667, 162.688888889,
hapai,4,0,0,	22.6777777778, 157.083333333,
leane,4,0,0,	21.5416666667, 161.166666667,
keola,4,0,0,	22.7611111111, 159.202777778,
shigi,4,0,0,	21.7194444444, 158.638888889,
gritl,4,0,0,	22.4166666667, 158.286111111,
blush,4,0,0,	22.525, 156.980555556,
bambo,4,0,0,	23.0611111111, 158.502777778,
booke,4,0,0,	22.7722222222, 160.077777778,
grail,4,0,0,	22.8, 159.758333333,
alica,4,0,0,	23.1277777778, 153.594444444,
joele,4,0,0,	21.8833333333, 157.575,
ebber,4,0,0,	23.0444444444, 154.527777778,
napua,4,0,0,	22.0277777778, 160.311111111,
nagai,4,0,0,	22.8861111111, 160.361111111,
maggi,4,0,0,	22.5527777778, 158.511111111,
puppi,4,0,0,	22.3888888889, 162.969444444,
syvad,4,0,0,	22.6944444444, 163.55,
denns,4,0,0,	23.6888888889, 155.258333333,
lilia,4,0,0,	23.2694444444, 163.213888889,
shark,4,0,0,	24.0166666667, 156.722222222,
fredi,4,0,0,	22.6388888889, 157.408333333,
toads,4,0,0,	23.025, 157.952777778,
canon,4,0,0,	22.95, 162.638888889,
rexie,4,0,0,	23.9027777778, 158.191666667,
cluts,4,0,0,	23.3222222222, 155.127777778,
bitta,4,0,0,	24.6527777778, 156.683333333,
danno,4,0,0,	25.1722222222, 163.080555556,
thoma,4,0,0,	24.9444444444, 162.1,
ursus,4,0,0,	24.0055555556, 79.3805555556,
apack,4,0,0,	25.0666666667, 156.605555556,
hodgy,4,0,0,	25.3194444444, 78.6833333333,
zolla,4,0,0,	25.2027777778, 79.2472222222,
zigie,4,0,0,	25.6694444444, 157.486111111,
jayee,4,0,0,	24.4416666667, 78.5527777778,
pluma,4,0,0,	25.1777777778, 79.3611111111,
strap,4,0,0,	26.3416666667, 82.2166666667,
fowee,4,0,0,	25.3055555556, 80.0972222222,
tigar,4,0,0,	26.1944444444, 82.3111111111,
mnate,4,0,0,	26.2333333333, 81.2527777778,
tinky,4,0,0,	26.4305555556, 79.5666666667,
nicko,4,0,0,	25.8861111111, 79.7833333333,
carnu,4,0,0,	25.6361111111, 82.2083333333,
eonns,4,0,0,	26.6222222222, 80.3333333333,
junur,4,0,0,	25.8388888889, 80.2666666667,
dvall,4,0,0,	26.9694444444, 82.5444444444,
wever,4,0,0,	25.7888888889, 82.2638888889,
skips,4,0,0,	25.9388888889, 80.0361111111,
famin,4,0,0,	25.8083333333, 81.3333333333,
luvly,4,0,0,	26.8888888889, 80.6805555556,
druum,4,0,0,	26.9527777778, 81.3,
worpp,4,0,0,	26.9055555556, 81.725,
kains,4,0,0,	27.2472222222, 81.275,
beech,4,0,0,	26.8083333333, 79.4694444444,
deeds,4,0,0,	27.0888888889, 82.8722222222,
janus,4,0,0,	27.1611111111, 79.65,
kubic,4,0,0,	27.5166666667, 82.5527777778,
brikl,4,0,0,	26.6, 80.8888888889,
turbo,4,0,0,	26.7055555556, 80.6916666667,
swags,4,0,0,	27.2027777778, 81.1,
wisci,4,0,0,	26.4972222222, 80.7888888889,
newer,4,0,0,	27.7444444444, 80.7666666667,
fortl,4,0,0,	27.2388888889, 81.5861111111,
padus,4,0,0,	26.7277777778, 80.0388888889,
preda,4,0,0,	27.1472222222, 80.675,
lonni,4,0,0,	26.425, 80.9555555556,
gilbi,4,0,0,	27.2805555556, 81.9555555556,
hicup,4,0,0,	27.7611111111, 82.8277777778,
vally,4,0,0,	27.9527777778, 79.6777777778,
tritn,4,0,0,	26.4472222222, 80.7833333333,
winco,4,0,0,	26.4861111111, 81.4805555556,
heatt,4,0,0,	27.2472222222, 81.2194444444,
mrlin,4,0,0,	26.5944444444, 81.35,
munro,4,0,0,	27.2055555556, 80.3833333333,
arkes,4,0,0,	27.6138888889, 80.5166666667,
hedly,4,0,0,	28.1666666667, 81.95,
thndr,4,0,0,	27.6833333333, 82.5083333333,
zappa,4,0,0,	27.95, 80.5416666667,
slaam,4,0,0,	27.425, 80.5277777778,
wende,4,0,0,	27.8694444444, 80.5388888889,
dubbl,4,0,0,	27.25, 80.5444444444,
serfs,4,0,0,	26.8666666667, 82.1083333333,
blufi,4,0,0,	27.9305555556, 81.3,
ullmn,4,0,0,	28.0027777778, 81.4055555556,
jocks,4,0,0,	27.9583333333, 82.2,
quncy,4,0,0,	27.3944444444, 82.1388888889,
tripl,4,0,0,	28.6638888889, 80.5888888889,
chaos,4,0,0,	27.6027777778, 81.3777777778,
swomp,4,0,0,	28.1555555556, 80.5138888889,
rinse,4,0,0,	27.7222222222, 82.5027777778,
rogan,4,0,0,	27.3305555556, 82.8361111111,
surfn,4,0,0,	28.5138888889, 79.95,
llake,4,0,0,	27.8388888889, 82.5638888889,
brdge,4,0,0,	27.7083333333, 82.2361111111,
angee,4,0,0,	27.5916666667, 81.6277777778,
dimnd,4,0,0,	28.0694444444, 80.1611111111,
gibbs,4,0,0,	28.3222222222, 83.6638888889,
jstrm,4,0,0,	28.5333333333, 83,
tarpo,4,0,0,	27.9555555556, 80.3583333333,
blond,4,0,0,	29.3388888889, 84.5055555556,
covia,4,0,0,	28.2305555556, 85.0055555556,
tepee,4,0,0,	28.0305555556, 83.9972222222,
waltr,4,0,0,	29.2916666667, 84.1611111111,
rsnik,4,0,0,	29.6416666667, 80.1444444444,
darbs,4,0,0,	28.2, 84.4388888889,
boats,4,0,0,	29.8944444444, 83.5833333333,
tabir,4,0,0,	28.7361111111, 83.3277777778,
crimp,4,0,0,	29.2555555556, 99.5361111111,
bitho,4,0,0,	30.0444444444, 81.9916666667,
inpin,4,0,0,	29.5944444444, 83.4027777778,
milet,4,0,0,	30.0833333333, 100.252777778,
mambo,4,0,0,	30.2361111111, 82.1194444444,
cropy,4,0,0,	29.6916666667, 82.3305555556,
cozmo,4,0,0,	30.3611111111, 81.6666666667,
paola,4,0,0,	29.0472222222, 82.3416666667,
leese,4,0,0,	29.8583333333, 82.925,
jesup,4,0,0,	29.3944444444, 82.3722222222,
linkn,4,0,0,	29.9027777778, 84.025,
kizer,4,0,0,	29.6388888889, 81.8611111111,
plyer,4,0,0,	30.3611111111, 83.5722222222,
shimm,4,0,0,	30.5972222222, 83.0416666667,
lemig,4,0,0,	30.0111111111, 98.6111111111,
worms,4,0,0,	30.2638888889, 82.7166666667,
lamma,4,0,0,	30.4416666667, 81.7222222222,
yenns,4,0,0,	29.1916666667, 98.85,
aladn,4,0,0,	29.2194444444, 82.5527777778,
hittr,4,0,0,	30.375, 83.7972222222,
guano,4,0,0,	30.7138888889, 81.9083333333,
micki,4,0,0,	29.3444444444, 82.3888888889,
somer,4,0,0,	30.3916666667, 99.2611111111,
hobee,4,0,0,	29.7916666667, 79.275,
leggt,4,0,0,	29.8416666667, 84.5722222222,
drags,4,0,0,	30.2416666667, 92.525,
embow,4,0,0,	29.7138888889, 99.65,
cfood,4,0,0,	30.0638888889, 94.8138888889,
metzy,4,0,0,	30.8166666667, 94.7138888889,
barbs,4,0,0,	30.0444444444, 82.2722222222,
clamp,4,0,0,	30.6083333333, 84.1861111111,
skuba,4,0,0,	29.8611111111, 97.2277777778,
lisse,4,0,0,	29.7861111111, 97.1638888889,
snook,4,0,0,	30.125, 96.0111111111,
coaxe,4,0,0,	30.7388888889, 83.1194444444,
kendy,4,0,0,	29.8027777778, 97.2138888889,
wolde,4,0,0,	31.1805555556, 95.1138888889,
gilco,4,0,0,	30.0527777778, 96.0777777778,
royes,4,0,0,	30.2527777778, 82.8916666667,
bezle,4,0,0,	29.7972222222, 96.4472222222,
shinr,4,0,0,	30.1194444444, 82.0722222222,
kemah,4,0,0,	30.6527777778, 95.6416666667,
sweny,4,0,0,	30.9972222222, 95.8583333333,
ellin,4,0,0,	30.075, 96.4111111111,
crist,4,0,0,	30.1388888889, 96.2833333333,
pekon,4,0,0,	30.2527777778, 93.6666666667,
criss,4,0,0,	30.5166666667, 99.4472222222,
seeds,4,0,0,	30.5361111111, 98.8694444444,
gland,4,0,0,	30.625, 97.2,
wemar,4,0,0,	30.7, 98.0138888889,
luffs,4,0,0,	31.175, 91.6527777778,
orich,4,0,0,	31.2527777778, 93.1222222222,
smith,4,0,0,	30.1361111111, 95.5166666667,
basss,4,0,0,	31.0611111111, 82.7638888889,
ading,4,0,0,	30.5166666667, 95.6,
kaboy,4,0,0,	30.35, 97.2555555556,
womak,4,0,0,	30.4083333333, 94.9638888889,
oledd,4,0,0,	30.8222222222, 91.5166666667,
borro,4,0,0,	30.0305555556, 96.7694444444,
reube,4,0,0,	30.2638888889, 99.7638888889,
mateo,4,0,0,	29.7861111111, 81.8055555556,
pogie,4,0,0,	30.0722222222, 83.1583333333,
sushi,4,0,0,	30.6638888889, 95.5194444444,
dicor,4,0,0,	31.1388888889, 97.0527777778,
medin,4,0,0,	30.5055555556, 98.9222222222,
braun,4,0,0,	31.0805555556, 99.3638888889,
hevvn,4,0,0,	30.3527777778, 85.0805555556,
beney,4,0,0,	30.3805555556, 99.7055555556,
toona,4,0,0,	30.25, 96.3166666667,
miffi,4,0,0,	30.5777777778, 97.1972222222,
tatar,4,0,0,	30.3472222222, 99.1777777778,
marcs,4,0,0,	31.325, 98.9666666667,
catle,4,0,0,	30.1944444444, 95.7361111111,
oxxen,4,0,0,	31.0666666667, 96.6388888889,
wesat,4,0,0,	29.9305555556, 96.7833333333,
cbrez,4,0,0,	29.9944444444, 96.9361111111,
crays,4,0,0,	30.0944444444, 99.0694444444,
brado,4,0,0,	30.525, 81.6861111111,
playa,4,0,0,	30.4583333333, 96.6333333333,
addax,4,0,0,	31.4138888889, 85.4861111111,
struk,4,0,0,	30.4416666667, 96.2527777778,
comfy,4,0,0,	31.2888888889, 100.325,
sawgy,4,0,0,	30.3638888889, 81.4944444444,
banty,4,0,0,	30.5055555556, 95.8027777778,
gobby,4,0,0,	31.6916666667, 98.8444444444,
voodo,4,0,0,	31.4, 90.7,
henly,4,0,0,	30.9055555556, 99.3916666667,
biter,4,0,0,	31.3527777778, 98.3944444444,
lejon,4,0,0,	31.375, 99.6472222222,
pinch,4,0,0,	31.55, 98.7416666667,
awdad,4,0,0,	31.75, 91.1666666667,
donbe,4,0,0,	30.6972222222, 92.2222222222,
myric,4,0,0,	30.5055555556, 91.7861111111,
artel,4,0,0,	31.1638888889, 94.1805555556,
budam,4,0,0,	31.3583333333, 91.7305555556,
slidd,4,0,0,	31.4305555556, 89.7888888889,
ugene,4,0,0,	30.3888888889, 83.6,
crisp,4,0,0,	30.475, 93.8361111111,
lulew,4,0,0,	30.6888888889, 91.9416666667,
basto,4,0,0,	30.8611111111, 97.3944444444,
mosel,4,0,0,	31.0472222222, 83.1916666667,
micro,4,0,0,	31.5277777778, 92.3555555556,
wound,4,0,0,	31.4583333333, 84.6166666667,
marit,4,0,0,	31.1222222222, 96.9694444444,
maced,4,0,0,	30.7472222222, 96.7472222222,
clery,4,0,0,	31.1805555556, 90.8638888889,
wavez,4,0,0,	31.4333333333, 90.3944444444,
mudda,4,0,0,	31.4833333333, 89.9,
weltt,4,0,0,	30.4138888889, 97.0944444444,
hoagi,4,0,0,	30.8111111111, 96.3583333333,
destn,4,0,0,	31.4611111111, 86.9111111111,
spurs,4,0,0,	30.9333333333, 99.9555555556,
arper,4,0,0,	31.3055555556, 99.7027777778,
carvl,4,0,0,	30.6138888889, 83.1361111111,
oysty,4,0,0,	30.8888888889, 91.5527777778,
cugar,4,0,0,	32.0694444444, 97.5166666667,
corvy,4,0,0,	30.5388888889, 100.027777778,
shuck,4,0,0,	31.2555555556, 102.238888889,
juddy,4,0,0,	31.6583333333, 97.6222222222,
zooss,4,0,0,	30.7027777778, 83.5583333333,
rythm,4,0,0,	31.2222222222, 90.4083333333,
capps,4,0,0,	31.7333333333, 84.4,
hoary,4,0,0,	31.6194444444, 98.6277777778,
mulet,4,0,0,	31.0611111111, 83.175,
bugle,4,0,0,	31.8638888889, 90.1666666667,
clawz,4,0,0,	31.4333333333, 83.55,
crokr,4,0,0,	30.7833333333, 83.4138888889,
foils,4,0,0,	31.1111111111, 91.4833333333,
yulee,4,0,0,	32.1527777778, 82.1138888889,
kalla,4,0,0,	31.1583333333, 99.1361111111,
rdnek,4,0,0,	31.4027777778, 82.0833333333,
slimm,4,0,0,	31.7944444444, 98.6166666667,
sewzy,4,0,0,	32.1277777778, 98.5861111111,
chesn,4,0,0,	31.4222222222, 81.9805555556,
hilrd,4,0,0,	32.1777777778, 83.1888888889,
oneel,4,0,0,	31.9138888889, 83.0305555556,
shemp,4,0,0,	32.4638888889, 82.5,
neddy,4,0,0,	32.4666666667, 84.4277777778,
bilee,4,0,0,	32.4027777778, 96.9027777778,
avsil,4,0,0,	31.8361111111, 106.397222222,
omvav,4,0,0,	32.7361111111, 107.705555556,
noway,4,0,0,	31.8555555556, 83.3,
blewe,4,0,0,	31.9694444444, 98.1027777778,
jaggo,4,0,0,	32.7638888889, 96.1,
irbix,4,0,0,	31.9444444444, 107.494444444,
wyatt,4,0,0,	31.9138888889, 85.4416666667,
hable,4,0,0,	31.7527777778, 82.6722222222,
acoli,4,0,0,	32.5138888889, 106.961111111,
giffa,4,0,0,	32.8472222222, 95.425,
navys,4,0,0,	31.8694444444, 97.6694444444,
tenat,4,0,0,	32.0944444444, 98.425,
broun,4,0,0,	32.4555555556, 82.0416666667,
sonet,4,0,0,	31.6277777778, 98.325,
iniju,4,0,0,	32.2944444444, 107.511111111,
bandi,4,0,0,	32.4833333333, 99.0722222222,
tornn,4,0,0,	31.8888888889, 97.9722222222,
windu,4,0,0,	32.9055555556, 98.6527777778,
jumbo,4,0,0,	31.8222222222, 99.5138888889,
ficky,4,0,0,	32.3138888889, 122.230555556,
rawed,4,0,0,	31.9055555556, 99.0055555556,
kiser,4,0,0,	32.1944444444, 97.0555555556,
bleuz,4,0,0,	31.8972222222, 90.0694444444,
turnn,4,0,0,	32.525, 94.2055555556,
harps,4,0,0,	32.5083333333, 81.6916666667,
ellvr,4,0,0,	32.5111111111, 97.2805555556,
baxly,4,0,0,	32.9166666667, 82.9166666667,
nobbl,4,0,0,	33.2194444444, 94.1277777778,
knemo,4,0,0,	31.9777777778, 81.0555555556,
narcs,4,0,0,	32.8305555556, 96.7888888889,
igorr,4,0,0,	32.5888888889, 99.0777777778,
weirs,4,0,0,	33.3611111111, 96.7916666667,
ankor,4,0,0,	32.7944444444, 81.5805555556,
goons,4,0,0,	31.9083333333, 85.375,
mesca,4,0,0,	32.9527777778, 110.702777778,
drill,4,0,0,	33.475, 98.15,
check,4,0,0,	33.0694444444, 98.6972222222,
sulli,4,0,0,	32.0388888889, 111.025,
allmo,4,0,0,	32.525, 97.6805555556,
rosin,4,0,0,	32.8083333333, 120.441666667,
herri,4,0,0,	32.9888888889, 95.7777777778,
gains,4,0,0,	32.15, 98.1861111111,
dunkn,4,0,0,	33.1305555556, 83.4944444444,
brian,4,0,0,	33.4638888889, 98,
thing,4,0,0,	33.3722222222, 98.0388888889,
sicum,4,0,0,	32.5416666667, 99.3944444444,
phils,4,0,0,	32.8666666667, 100.797222222,
cades,4,0,0,	33.25, 99.8638888889,
geeni,4,0,0,	32.75, 99.2555555556,
sitna,4,0,0,	33.125, 99.1694444444,
swani,4,0,0,	32.65, 96.2583333333,
medly,4,0,0,	33.1611111111, 100.077777778,
snowe,4,0,0,	32.6055555556, 95.95,
capti,4,0,0,	33.25, 96.4888888889,
knead,4,0,0,	33.5361111111, 97.75,
roskr,4,0,0,	33.7694444444, 112.619444444,
dodje,4,0,0,	32.3694444444, 98.1944444444,
dartz,4,0,0,	32.4305555556, 98.2416666667,
nelyn,4,0,0,	32.4472222222, 97.4416666667,
jaspa,4,0,0,	32.4527777778, 97.95,
ardia,4,0,0,	32.4583333333, 97.3861111111,
humms,4,0,0,	32.9027777778, 84.0361111111,
ailey,4,0,0,	33.6305555556, 83.2222222222,
reddy,4,0,0,	33.7444444444, 110.586111111,
cabby,4,0,0,	32.8166666667, 96.8694444444,
tilla,4,0,0,	33.4472222222, 98.1972222222,
mavva,4,0,0,	33.9361111111, 111.916666667,
awolf,4,0,0,	32.4805555556, 97.3416666667,
fleck,4,0,0,	33.8083333333, 100.780555556,
pusch,4,0,0,	32.4472222222, 111.091666667,
lucen,4,0,0,	32.7666666667, 95.0611111111,
beken,4,0,0,	33.1805555556, 94.15,
gider,4,0,0,	33.5166666667, 94.2694444444,
jenna,4,0,0,	33.2333333333, 93.6,
bargo,4,0,0,	32.6611111111, 97.8138888889,
orvll,4,0,0,	33.0055555556, 96.7361111111,
adems,4,0,0,	32.825, 98.2944444444,
slugg,4,0,0,	32.7, 98.8722222222,
malit,4,0,0,	33.3611111111, 120.369444444,
weter,4,0,0,	33.6833333333, 93.4555555556,
dingo,4,0,0,	33.7166666667, 112.638888889,
baser,4,0,0,	32.6416666667, 113.155555556,
yeagr,4,0,0,	33.7638888889, 97.825,
itemm,4,0,0,	32.8972222222, 111.227777778,
cleav,4,0,0,	32.9111111111, 86.5194444444,
likes,4,0,0,	32.9472222222, 98.4055555556,
sturn,4,0,0,	33.0666666667, 98.2388888889,
eller,4,0,0,	33.3694444444, 96.9388888889,
brows,4,0,0,	34.0611111111, 117.091666667,
poten,4,0,0,	33.2027777778, 95.7194444444,
dumpy,4,0,0,	33.8722222222, 97.0305555556,
picah,4,0,0,	34.2388888889, 112.722222222,
grady,4,0,0,	32.7777777778, 82.9916666667,
elkey,4,0,0,	32.6861111111, 122.15,
rockk,4,0,0,	33.575, 97.1611111111,
yarbe,4,0,0,	33.9444444444, 87.0194444444,
crome,4,0,0,	33.4194444444, 111.408333333,
podde,4,0,0,	33.6833333333, 97.7361111111,
slamn,4,0,0,	33.4611111111, 112.255555556,
shrly,4,0,0,	33.7305555556, 94.5888888889,
nickk,4,0,0,	33.1388888889, 116.311111111,
clare,4,0,0,	33.8472222222, 97.8638888889,
kumba,4,0,0,	33.95, 116.419444444,
mohak,4,0,0,	33.6861111111, 114.536111111,
sargs,4,0,0,	34.2722222222, 118.002777778,
timmy,4,0,0,	32.8388888889, 86.6722222222,
bekle,4,0,0,	33.2583333333, 101.35,
kirst,4,0,0,	33.4583333333, 101.241666667,
torie,4,0,0,	33.6361111111, 117.322222222,
ligre,4,0,0,	33.8722222222, 96.5888888889,
soldo,4,0,0,	34.3777777778, 97.8805555556,
ceola,4,0,0,	34.4833333333, 99.3777777778,
rippi,4,0,0,	33.3277777778, 84.0722222222,
bball,4,0,0,	34.5305555556, 112.083333333,
triss,4,0,0,	33.3055555556, 97.8916666667,
slott,4,0,0,	34.3333333333, 97.7361111111,
skane,4,0,0,	33.325, 96.675,
sunss,4,0,0,	33.8694444444, 111.597222222,
treal,4,0,0,	33.3694444444, 82.2055555556,
shero,4,0,0,	33.8861111111, 96.8472222222,
mobie,4,0,0,	33.9416666667, 112.694444444,
sinca,4,0,0,	34.5194444444, 84.0861111111,
nobly,4,0,0,	34.6388888889, 97.9194444444,
meldy,4,0,0,	33.6888888889, 118.733333333,
ferra,4,0,0,	33.8722222222, 99.3805555556,
cardi,4,0,0,	33.45, 117.936111111,
shamu,4,0,0,	34.6055555556, 119.361111111,
carbs,4,0,0,	33.5305555556, 97.4916666667,
gibbi,4,0,0,	34.0166666667, 97.6944444444,
slant,4,0,0,	34.2416666667, 98.0333333333,
peble,4,0,0,	34.6944444444, 118.116666667,
honie,4,0,0,	33.2277777778, 86.2111111111,
goatz,4,0,0,	33.3361111111, 119.080555556,
bondo,4,0,0,	34.2833333333, 118.080555556,
robnn,4,0,0,	33.5472222222, 117.45,
canuk,4,0,0,	33.2222222222, 84.6472222222,
eckey,4,0,0,	33.2305555556, 96.975,
vista,4,0,0,	33.4583333333, 117.35,
cynde,4,0,0,	34.4583333333, 117.583333333,
eiree,4,0,0,	34.725, 118.644444444,
manki,4,0,0,	33.6888888889, 101.011111111,
arnco,4,0,0,	34.2611111111, 85.9055555556,
fingr,4,0,0,	34.5694444444, 96.3888888889,
motza,4,0,0,	34.8638888889, 97.7361111111,
shive,4,0,0,	34.8694444444, 119.511111111,
sadll,4,0,0,	33.2805555556, 114.497222222,
calie,4,0,0,	33.8277777778, 114.391666667,
hydrr,4,0,0,	34.0277777778, 113.361111111,
paynt,4,0,0,	34.5944444444, 113.911111111,
arlin,4,0,0,	33.3222222222, 112.863888889,
cobug,4,0,0,	33.9166666667, 96.7555555556,
odeen,4,0,0,	34.8472222222, 98.5972222222,
orick,4,0,0,	33.7583333333, 98.2888888889,
beylo,4,0,0,	33.8361111111, 84.2611111111,
tiroe,4,0,0,	33.9527777778, 86.4472222222,
shaky,4,0,0,	34.1944444444, 98.6527777778,
hoops,4,0,0,	33.6055555556, 112.125,
husky,4,0,0,	34.6944444444, 85.3194444444,
avols,4,0,0,	33.5305555556, 119.083333333,
bigjo,4,0,0,	33.6277777778, 118.527777778,
trbow,4,0,0,	33.6833333333, 84.8166666667,
craff,4,0,0,	33.8694444444, 97.6972222222,
taddi,4,0,0,	34.2972222222, 97.3527777778,
ropss,4,0,0,	33.5888888889, 96.4083333333,
avona,4,0,0,	34.325, 113.216666667,
otiss,4,0,0,	34.6416666667, 118.808333333,
perky,4,0,0,	34.675, 113.116666667,
sasie,4,0,0,	33.4666666667, 97.9083333333,
gregs,4,0,0,	33.5111111111, 99.0555555556,
akuna,4,0,0,	33.5194444444, 97.4638888889,
bleco,4,0,0,	33.525, 98.0055555556,
lowgn,4,0,0,	33.525, 98.8805555556,
grabe,4,0,0,	33.5972222222, 98.1027777778,
annan,4,0,0,	34.2916666667, 83.6805555556,
scole,4,0,0,	34.7222222222, 115.577777778,
bayer,4,0,0,	34.8388888889, 118.425,
musel,4,0,0,	33.7333333333, 118.547222222,
tannr,4,0,0,	34.4638888889, 118.286111111,
dinty,4,0,0,	35.0888888889, 122.65,
bayta,4,0,0,	33.6333333333, 112.508333333,
amigo,4,0,0,	34.4388888889, 118.397222222,
owing,4,0,0,	35.1055555556, 101.386111111,
salom,4,0,0,	35.1194444444, 114.438888889,
overs,4,0,0,	33.8944444444, 80.25,
chopr,4,0,0,	34.1972222222, 112.55,
monte,4,0,0,	34.2222222222, 97.0638888889,
honds,4,0,0,	35.2055555556, 105.188888889,
qurtz,4,0,0,	33.5805555556, 110.955555556,
basen,4,0,0,	33.5944444444, 112.430555556,
darhf,4,0,0,	35.0777777778, 113.125,
boomr,4,0,0,	34.4972222222, 101.072222222,
benet,4,0,0,	34.7527777778, 119.833333333,
parol,4,0,0,	34.8555555556, 119.094444444,
karyn,4,0,0,	34.9555555556, 99.1055555556,
albas,4,0,0,	35.2138888889, 119.180555556,
dopey,4,0,0,	35.0222222222, 98.3638888889,
scabi,4,0,0,	33.9833333333, 99.4916666667,
madow,4,0,0,	34.3111111111, 119.288888889,
corla,4,0,0,	34.1777777778, 117.527777778,
raboo,4,0,0,	35.2194444444, 96.7694444444,
baldi,4,0,0,	34.4444444444, 117.919444444,
happe,4,0,0,	34.1666666667, 117.311111111,
miloa,4,0,0,	35.0861111111, 99.3416666667,
hemet,4,0,0,	34.4, 118.105555556,
ortro,4,0,0,	34.4638888889, 95.45,
plebs,4,0,0,	34.5027777778, 98.6305555556,
knobb,4,0,0,	35.2138888889, 112.836111111,
robey,4,0,0,	33.7416666667, 96.2555555556,
ricca,4,0,0,	34.65, 86.5361111111,
peris,4,0,0,	33.7388888889, 118.738888889,
masty,4,0,0,	33.9472222222, 98.2777777778,
hakin,4,0,0,	34.0305555556, 96.3,
doyle,4,0,0,	34.5972222222, 120.088888889,
vadrr,4,0,0,	34.9305555556, 113.225,
tandy,4,0,0,	35.0583333333, 119.455555556,
tuckr,4,0,0,	33.9916666667, 85.3416666667,
inish,4,0,0,	34.1416666667, 119.330555556,
shily,4,0,0,	34.2638888889, 119.052777778,
fubar,4,0,0,	34.7777777778, 112.177777778,
wilma,4,0,0,	34.2166666667, 119.202777778,
befin,4,0,0,	34.7416666667, 120.786111111,
hunki,4,0,0,	34.825, 99.7666666667,
dejay,4,0,0,	35.0583333333, 118.919444444,
kayoh,4,0,0,	35.1333333333, 118.263888889,
jogit,4,0,0,	35.2805555556, 119.186111111,
kajay,4,0,0,	34.0694444444, 98.8388888889,
cones,4,0,0,	34.275, 116.194444444,
mikee,4,0,0,	34.4277777778, 86.0361111111,
colon,4,0,0,	33.8972222222, 83.1972222222,
aheim,4,0,0,	34.1833333333, 119.094444444,
arnee,4,0,0,	34.7305555556, 117.688888889,
mardy,4,0,0,	35.3555555556, 98.2888888889,
banyo,4,0,0,	34.6305555556, 112.819444444,
ollie,4,0,0,	35.1277777778, 118.938888889,
ackme,4,0,0,	35.2555555556, 98.7861111111,
roper,4,0,0,	34.0638888889, 98.5166666667,
lenni,4,0,0,	34.3611111111, 112.716666667,
hermo,4,0,0,	34.75, 118.644444444,
perch,4,0,0,	33.9388888889, 119.902777778,
glove,4,0,0,	34.3916666667, 95.5166666667,
garne,4,0,0,	34.8722222222, 116.863888889,
werle,4,0,0,	34.9333333333, 118.705555556,
exert,4,0,0,	34.975, 120.111111111,
bands,4,0,0,	34.5138888889, 118.447222222,
merma,4,0,0,	35.1305555556, 119.933333333,
gaatz,4,0,0,	34.2805555556, 96.3583333333,
berdu,4,0,0,	34.4916666667, 117.952777778,
blane,4,0,0,	34.5472222222, 83.0666666667,
seann,4,0,0,	34.8388888889, 97.9694444444,
prizz,4,0,0,	35.3805555556, 96.6638888889,
prado,4,0,0,	34.5694444444, 117.830555556,
kndal,4,0,0,	34.6111111111, 117.625,
lahab,4,0,0,	34.8166666667, 118.838888889,
fayee,4,0,0,	35.2138888889, 91.975,
roamm,4,0,0,	35.4527777778, 99.4138888889,
acins,4,0,0,	33.9888888889, 118.361111111,
cacts,4,0,0,	34.1694444444, 119.136111111,
tonto,4,0,0,	34.5611111111, 112.713888889,
trtle,4,0,0,	35.0166666667, 118.663888889,
deway,4,0,0,	35.4666666667, 117.397222222,
reedr,4,0,0,	35.5027777778, 119.186111111,
dalas,4,0,0,	34.175, 86.3027777778,
plsnt,4,0,0,	34.2833333333, 112.805555556,
konzl,4,0,0,	34.3805555556, 118.255555556,
downe,4,0,0,	35.3111111111, 118.816666667,
baset,4,0,0,	35.1694444444, 119.152777778,
arrvd,4,0,0,	34.2083333333, 118.316666667,
fuelr,4,0,0,	34.25, 119.230555556,
musik,4,0,0,	34.45, 119.297222222,
logen,4,0,0,	34.4555555556, 84.7277777778,
suzzi,4,0,0,	34.7555555556, 119.002777778,
casit,4,0,0,	34.9555555556, 119.069444444,
zanto,4,0,0,	35.1944444444, 99.9277777778,
radom,4,0,0,	35.3972222222, 112.541666667,
denay,4,0,0,	35.4583333333, 118.830555556,
arnes,4,0,0,	35.5277777778, 119.288888889,
bonez,4,0,0,	34.0777777778, 119.355555556,
jonzz,4,0,0,	34.3166666667, 118.602777778,
keggs,4,0,0,	34.8444444444, 119.911111111,
chare,4,0,0,	35.0805555556, 98.5,
bremr,4,0,0,	35.125, 117.894444444,
mitts,4,0,0,	35.1694444444, 118.091666667,
bindy,4,0,0,	35.1944444444, 117.902777778,
mazat,4,0,0,	35.2916666667, 113.163888889,
fidge,4,0,0,	35.3138888889, 117.958333333,
adamm,4,0,0,	34.0555555556, 117.830555556,
snrkl,4,0,0,	35.2444444444, 118.316666667,
bayst,4,0,0,	35.3138888889, 120.016666667,
lukes,4,0,0,	35.4388888889, 82.8861111111,
waker,4,0,0,	35.5111111111, 118.833333333,
civet,4,0,0,	34.1416666667, 118.138888889,
pirro,4,0,0,	34.2444444444, 118.830555556,
mudde,4,0,0,	34.3472222222, 118.002777778,
sadde,4,0,0,	34.5972222222, 120.211111111,
rustt,4,0,0,	35.6166666667, 117.944444444,
kadee,4,0,0,	34.3972222222, 85.1444444444,
petis,4,0,0,	34.6888888889, 118.944444444,
coopr,4,0,0,	34.7777777778, 112.619444444,
tikys,4,0,0,	35.7138888889, 97.3472222222,
millr,4,0,0,	34.2555555556, 113.186111111,
erlin,4,0,0,	34.2888888889, 85.3111111111,
dluth,4,0,0,	34.5138888889, 85.1972222222,
ravon,4,0,0,	34.6527777778, 118.183333333,
sebby,4,0,0,	34.7194444444, 118.797222222,
cajon,4,0,0,	34.75, 118.527777778,
pione,4,0,0,	35.1972222222, 117.280555556,
elmoo,4,0,0,	35.6, 119.525,
yucca,4,0,0,	34.45, 116.944444444,
gramm,4,0,0,	35.0138888889, 117.783333333,
gaski,4,0,0,	35.0222222222, 118.038888889,
ziggy,4,0,0,	34.4333333333, 117.777777778,
coopp,4,0,0,	34.5611111111, 118.155555556,
calbe,4,0,0,	34.6472222222, 118.888888889,
purms,4,0,0,	34.8472222222, 119.602777778,
womac,4,0,0,	35.4722222222, 84.4722222222,
eagul,4,0,0,	35.6222222222, 112.672222222,
piine,4,0,0,	35.6222222222, 112.430555556,
robor,4,0,0,	35.6527777778, 119.219444444,
darts,4,0,0,	34.7555555556, 118.558333333,
symon,4,0,0,	35.6583333333, 119.880555556,
garey,4,0,0,	35.7833333333, 118.775,
squid,4,0,0,	34.3583333333, 119.838888889,
meant,4,0,0,	34.8777777778, 117.933333333,
bunni,4,0,0,	35.3222222222, 85.9444444444,
berri,4,0,0,	35.5833333333, 119.3,
ferer,4,0,0,	35.6472222222, 112.847222222,
skiff,4,0,0,	35.675, 120.691666667,
hassa,4,0,0,	34.275, 119.297222222,
ganja,4,0,0,	34.6194444444, 100.702777778,
pasko,4,0,0,	34.7166666667, 118.697222222,
ilean,4,0,0,	35.275, 119.822222222,
acrat,4,0,0,	34.2444444444, 120.172222222,
arran,4,0,0,	34.4333333333, 117.388888889,
ginna,4,0,0,	34.8472222222, 120.355555556,
chaty,4,0,0,	35.1388888889, 118.588888889,
chopn,4,0,0,	35.7305555556, 81.1194444444,
daisy,4,0,0,	34.6333333333, 121.008333333,
gardy,4,0,0,	34.8416666667, 118.961111111,
flout,4,0,0,	35.0083333333, 120.272222222,
dawna,4,0,0,	35.75, 118.405555556,
paula,4,0,0,	34.9833333333, 119.102777778,
kelse,4,0,0,	35.4888888889, 118.244444444,
golet,4,0,0,	35.7361111111, 121.286111111,
bucck,4,0,0,	34.7611111111, 119.719444444,
karlo,4,0,0,	35.0555555556, 113.905555556,
birle,4,0,0,	35.3527777778, 96.7388888889,
hitop,4,0,0,	35.9222222222, 118.255555556,
turki,4,0,0,	34.4027777778, 102.138888889,
gabre,4,0,0,	34.4944444444, 118.525,
kwang,4,0,0,	35.2111111111, 120.913888889,
twine,4,0,0,	35.2694444444, 120.247222222,
moose,4,0,0,	35.775, 98.525,
deano,4,0,0,	34.3166666667, 121.044444444,
dehan,4,0,0,	34.325, 84.5694444444,
eaker,4,0,0,	34.3916666667, 96.9361111111,
meeow,4,0,0,	34.4583333333, 94.2083333333,
hener,4,0,0,	35.7555555556, 120.319444444,
macey,4,0,0,	34.3388888889, 84.2138888889,
hespe,4,0,0,	35.1222222222, 118.947222222,
calco,4,0,0,	35.5333333333, 86.2722222222,
timme,4,0,0,	34.95, 118.8,
hydes,4,0,0,	35.8583333333, 98.9055555556,
copel,4,0,0,	34.6777777778, 80.9638888889,
andys,4,0,0,	34.775, 82.1833333333,
lange,4,0,0,	35.9972222222, 119.497222222,
zemma,4,0,0,	34.4333333333, 97.65,
majek,4,0,0,	34.9222222222, 117.658333333,
resor,4,0,0,	35.0583333333, 118.083333333,
canyn,4,0,0,	35.1638888889, 120.230555556,
froun,4,0,0,	35.9888888889, 118.583333333,
kimmo,4,0,0,	35.4166666667, 118.477777778,
barff,4,0,0,	35.5527777778, 91.2666666667,
emmey,4,0,0,	36, 117.916666667,
dryht,4,0,0,	34.5111111111, 108.422222222,
habut,4,0,0,	34.9777777778, 120.638888889,
ohigh,4,0,0,	35.8861111111, 120.383333333,
maier,4,0,0,	35.7611111111, 113.580555556,
corce,4,0,0,	35.4222222222, 83.8416666667,
eaden,4,0,0,	35.4583333333, 112.55,
soled,4,0,0,	35.7472222222, 118.477777778,
ziqor,4,0,0,	35.8305555556, 120.013888889,
warnr,4,0,0,	34.8361111111, 80.7055555556,
awson,4,0,0,	35.8333333333, 84.0805555556,
mamee,4,0,0,	36.0333333333, 96.625,
lucer,4,0,0,	34.6972222222, 118.016666667,
saugs,4,0,0,	35.8083333333, 118.572222222,
pirue,4,0,0,	35.825, 120.483333333,
fossl,4,0,0,	34.6111111111, 112.586111111,
soggi,4,0,0,	34.7972222222, 117.825,
lynxx,4,0,0,	35.7444444444, 119.747222222,
boget,4,0,0,	35.9222222222, 118.4,
jonez,4,0,0,	36.0861111111, 96.3861111111,
buckl,4,0,0,	35.3527777778, 82.3416666667,
casta,4,0,0,	36.1277777778, 119.711111111,
eifel,4,0,0,	34.8, 119.227777778,
aples,4,0,0,	36.0472222222, 118.747222222,
mingy,4,0,0,	36.1472222222, 113.391666667,
dumbb,4,0,0,	35.0805555556, 85.4027777778,
janny,4,0,0,	36.175, 118.975,
laamb,4,0,0,	35.9194444444, 118.858333333,
dikes,4,0,0,	34.8888888889, 116.35,
tammy,4,0,0,	34.7, 91.4333333333,
abroc,4,0,0,	34.7527777778, 87.6027777778,
cramm,4,0,0,	34.9388888889, 90.4138888889,
buelt,4,0,0,	34.9, 121.319444444,
unarm,4,0,0,	35.1388888889, 82.5722222222,
reyes,4,0,0,	35.5222222222, 119.230555556,
wooli,4,0,0,	35.675, 119.336111111,
bulgy,4,0,0,	34.7833333333, 117.144444444,
booze,4,0,0,	34.9722222222, 80.9833333333,
mohon,4,0,0,	35.1333333333, 113.344444444,
abree,4,0,0,	34.9416666667, 115.894444444,
meggy,4,0,0,	35.3027777778, 90.7666666667,
adena,4,0,0,	36.3472222222, 82.4805555556,
jeffy,4,0,0,	36.2138888889, 118.611111111,
sacho,4,0,0,	34.8944444444, 111.005555556,
basal,4,0,0,	35.5305555556, 118.027777778,
tenni,4,0,0,	36.2583333333, 81.4027777778,
fisch,4,0,0,	35.8055555556, 119.083333333,
jamea,4,0,0,	35.3305555556, 90.8,
heatr,4,0,0,	35.6027777778, 101.402777778,
lavan,4,0,0,	36.1083333333, 107.436111111,
orcut,4,0,0,	35.325, 120.963888889,
larue,4,0,0,	35.725, 90.1611111111,
pedal,4,0,0,	34.95, 83.5416666667,
hustn,4,0,0,	35.4305555556, 81.1083333333,
llama,4,0,0,	35.8305555556, 113.619444444,
cadvo,4,0,0,	35.1416666667, 106.208333333,
impco,4,0,0,	35.2916666667, 98.3472222222,
cline,4,0,0,	35.6666666667, 81.1555555556,
locks,4,0,0,	36.0194444444, 82.1916666667,
debie,4,0,0,	36.2805555556, 82.6916666667,
twikl,4,0,0,	34.9805555556, 91.2916666667,
lills,4,0,0,	35.1416666667, 81.2722222222,
olivv,4,0,0,	36.1722222222, 90.9555555556,
rozbo,4,0,0,	35.6111111111, 79.65,
miera,4,0,0,	35.6388888889, 107.513888889,
pelam,4,0,0,	36.1472222222, 82.9666666667,
grape,4,0,0,	36.5194444444, 118.955555556,
ceray,4,0,0,	36.6055555556, 84.5972222222,
salms,4,0,0,	35.0972222222, 86.9916666667,
lando,4,0,0,	36.2444444444, 120.238888889,
komma,4,0,0,	36.4611111111, 95.7611111111,
wijyi,4,0,0,	35.4861111111, 119.25,
carty,4,0,0,	35.7, 108.130555556,
lebec,4,0,0,	36.4666666667, 119.986111111,
lopes,4,0,0,	36.5305555556, 118.838888889,
jokur,4,0,0,	35.8777777778, 118.016666667,
ninty,4,0,0,	36.4555555556, 120.133333333,
winch,4,0,0,	35.7472222222, 121.930555556,
oakum,4,0,0,	36.0083333333, 84.0472222222,
shnyd,4,0,0,	36.0416666667, 85.3277777778,
neuto,4,0,0,	36.2305555556, 85.9027777778,
bowen,4,0,0,	36.7277777778, 90.9777777778,
clark,4,0,0,	35.8833333333, 91.4805555556,
aroyo,4,0,0,	35.9111111111, 108.169444444,
wynnr,4,0,0,	35.2194444444, 121.711111111,
kelen,4,0,0,	35.7944444444, 119.172222222,
haray,4,0,0,	36.3861111111, 82.8944444444,
mishi,4,0,0,	35.2833333333, 120.544444444,
lorat,4,0,0,	36.2333333333, 108.416666667,
avila,4,0,0,	36.4361111111, 121.694444444,
pozoe,4,0,0,	36.3305555556, 121.661111111,
amont,4,0,0,	35.1972222222, 119.336111111,
bebad,4,0,0,	35.5111111111, 83.3055555556,
locas,4,0,0,	35.3416666667, 81.6861111111,
lampe,4,0,0,	35.4638888889, 120.555555556,
zopoc,4,0,0,	35.8805555556, 80.8638888889,
gippr,4,0,0,	36.1694444444, 80.2027777778,
mingi,4,0,0,	35.7083333333, 120.338888889,
maric,4,0,0,	35.6638888889, 119.569444444,
beert,4,0,0,	36.6638888889, 91.5722222222,
jabrd,4,0,0,	36.7805555556, 85.9944444444,
sabin,4,0,0,	36.8, 84.8694444444,
derbb,4,0,0,	35.8416666667, 120.444444444,
pismo,4,0,0,	36.5055555556, 122.275,
mrcel,4,0,0,	35.5805555556, 90.7583333333,
riffe,4,0,0,	35.5861111111, 117.241666667,
awash,4,0,0,	36.25, 107.408333333,
arvin,4,0,0,	36.2833333333, 119.986111111,
ebbrt,4,0,0,	36.2972222222, 114.758333333,
danby,4,0,0,	36.4444444444, 116.036111111,
murky,4,0,0,	36.6666666667, 82.2638888889,
pitty,4,0,0,	36.6777777778, 82.0055555556,
tafoy,4,0,0,	35.75, 106.463888889,
saras,4,0,0,	35.9527777778, 116.719444444,
crepe,4,0,0,	36.7722222222, 122.294444444,
frams,4,0,0,	35.4194444444, 121.541666667,
ceano,4,0,0,	35.6527777778, 120.930555556,
blini,4,0,0,	35.8333333333, 109.047222222,
tilur,4,0,0,	36.3694444444, 90.8333333333,
curly,4,0,0,	35.55, 107.980555556,
wilsu,4,0,0,	35.6388888889, 90.6805555556,
tolly,4,0,0,	36.0305555556, 81.5583333333,
bradl,4,0,0,	37.0527777778, 91.2166666667,
friho,4,0,0,	35.9055555556, 108.252777778,
kikii,4,0,0,	36.5444444444, 121.144444444,
rgill,4,0,0,	36.6305555556, 91.6666666667,
dovee,4,0,0,	36.8611111111, 114.838888889,
fosse,4,0,0,	35.675, 82.8111111111,
helam,4,0,0,	36.1833333333, 89.5944444444,
vacum,4,0,0,	37, 79.9972222222,
ester,4,0,0,	36.825, 78.2916666667,
miola,4,0,0,	36.8611111111, 90.5888888889,
croin,4,0,0,	35.8722222222, 108.311111111,
mckey,4,0,0,	36.075, 122.108333333,
galla,4,0,0,	35.8722222222, 81.3,
cabzo,4,0,0,	35.9444444444, 107.8,
buzzy,4,0,0,	36.0305555556, 79.625,
whigg,4,0,0,	36.2944444444, 116.213888889,
pedra,4,0,0,	36.6333333333, 107.255555556,
ltown,4,0,0,	36.7083333333, 89.5222222222,
wring,4,0,0,	36.8138888889, 119.697222222,
ziase,4,0,0,	36.2138888889, 108.013888889,
blocc,4,0,0,	37.0833333333, 80.5333333333,
gizmo,4,0,0,	37.1722222222, 81.1305555556,
vandd,4,0,0,	36.2055555556, 86.2472222222,
johns,4,0,0,	36.2166666667, 82.2361111111,
corez,4,0,0,	36.2166666667, 119.536111111,
wlder,4,0,0,	36.3666666667, 90.2083333333,
cocko,4,0,0,	36.4, 91.3527777778,
moped,4,0,0,	36.0166666667, 81.3722222222,
hertz,4,0,0,	36.8972222222, 93.55,
bisop,4,0,0,	37.1388888889, 113.130555556,
flyby,4,0,0,	35.7222222222, 107.9,
shine,4,0,0,	36.4805555556, 81.9638888889,
meril,4,0,0,	36.9222222222, 79.4861111111,
evill,4,0,0,	36.2944444444, 91.6777777778,
brade,4,0,0,	37.2583333333, 79.8722222222,
swenk,4,0,0,	36.1472222222, 83.3277777778,
pluum,4,0,0,	36.3972222222, 80.6888888889,
clarr,4,0,0,	36.5777777778, 116.963888889,
boach,4,0,0,	36.825, 116.416666667,
volls,4,0,0,	37.2166666667, 86.15,
bamma,4,0,0,	35.8333333333, 86.725,
kewpi,4,0,0,	35.9861111111, 80.1194444444,
milki,4,0,0,	36.025, 115.083333333,
wendi,4,0,0,	36.0388888889, 78.9666666667,
rolls,4,0,0,	36.3222222222, 99.8638888889,
spker,4,0,0,	37.1111111111, 89.4222222222,
khaos,4,0,0,	37.3416666667, 81.7694444444,
kaddy,4,0,0,	36.6444444444, 114.402777778,
sudsy,4,0,0,	36.6944444444, 81.5305555556,
drakk,4,0,0,	37.0944444444, 86.5166666667,
owalt,4,0,0,	37.3472222222, 82.4555555556,
toden,4,0,0,	35.9722222222, 80.6277777778,
creso,4,0,0,	36.5027777778, 116.672222222,
nambe,4,0,0,	36.3638888889, 107.191666667,
siskl,4,0,0,	37.3611111111, 116.058333333,
majic,4,0,0,	36.9916666667, 80.7111111111,
avery,4,0,0,	35.9027777778, 82.6555555556,
igloo,4,0,0,	35.9972222222, 92.0555555556,
veeva,4,0,0,	35.9111111111, 115.7,
guses,4,0,0,	36.675, 80.4472222222,
trump,4,0,0,	37.0138888889, 98.6361111111,
winds,4,0,0,	36.4972222222, 116.133333333,
azell,4,0,0,	36.5138888889, 80.5583333333,
burls,4,0,0,	36.6805555556, 82.4555555556,
taner,4,0,0,	36.0305555556, 108.602777778,
oasys,4,0,0,	36.3166666667, 115.719444444,
poake,4,0,0,	36.4166666667, 107.130555556,
broze,4,0,0,	36.6027777778, 78.7055555556,
franz,4,0,0,	36.7333333333, 78.675,
robie,4,0,0,	37.45, 121.95,
jayrr,4,0,0,	36.9083333333, 80.275,
gulli,4,0,0,	37.1944444444, 98.2333333333,
jotta,4,0,0,	37.4722222222, 82.4388888889,
hanos,4,0,0,	36.4722222222, 108.352777778,
hiden,4,0,0,	37.1888888889, 117.016666667,
ipumy,4,0,0,	37.4555555556, 116.233333333,
duham,4,0,0,	36.2166666667, 78.9527777778,
robay,4,0,0,	37.3388888889, 81.4111111111,
punns,4,0,0,	36.6888888889, 115.513888889,
prino,4,0,0,	36.7138888889, 115.811111111,
tiffy,4,0,0,	36.7277777778, 116.055555556,
crowe,4,0,0,	36.8027777778, 115.875,
aclam,4,0,0,	36.9083333333, 115.111111111,
deene,4,0,0,	36.9805555556, 78.9111111111,
wallk,4,0,0,	37.0888888889, 80.575,
espan,4,0,0,	36.4277777778, 107.052777778,
marbi,4,0,0,	37.0583333333, 93.5888888889,
plied,4,0,0,	37.7694444444, 92.75,
traks,4,0,0,	36.2972222222, 81.1138888889,
seglr,4,0,0,	36.4777777778, 97.4972222222,
argal,4,0,0,	36.6277777778, 79.6861111111,
brook,4,0,0,	36.9361111111, 82.3333333333,
artoo,4,0,0,	37.1, 116.694444444,
fuzzy,4,0,0,	36.2555555556, 115.925,
meyer,4,0,0,	37.5694444444, 79.0694444444,
billa,4,0,0,	37.2416666667, 79.5055555556,
shado,4,0,0,	37.625, 117.630555556,
dixan,4,0,0,	37.6944444444, 106.497222222,
phigg,4,0,0,	37.9027777778, 114.944444444,
mayos,4,0,0,	37.3055555556, 81.2972222222,
yadki,4,0,0,	37.8194444444, 81.6027777778,
duffi,4,0,0,	37.9388888889, 78.5944444444,
naley,4,0,0,	36.6194444444, 81.4805555556,
isaak,4,0,0,	37.2527777778, 114.936111111,
aldan,4,0,0,	37.8472222222, 79.0138888889,
jeany,4,0,0,	36.9444444444, 79.7805555556,
higgs,4,0,0,	36.8194444444, 115.205555556,
cyprs,4,0,0,	36.9833333333, 123.969444444,
cyprs,4,0,0,	36.9861111111, 123.969444444,
citie,4,0,0,	37.8138888889, 121.838888889,
bicep,4,0,0,	37.0916666667, 96.7972222222,
tigrs,4,0,0,	37.4805555556, 89.1388888889,
chaco,4,0,0,	38.0472222222, 109.922222222,
carme,4,0,0,	36.9694444444, 123.172222222,
oveto,4,0,0,	37.5027777778, 115.291666667,
plexi,4,0,0,	37.6388888889, 80.6194444444,
guitr,4,0,0,	37.675, 86.9166666667,
gumbe,4,0,0,	37.7472222222, 78.8638888889,
larel,4,0,0,	36.7527777778, 81.6194444444,
pebbs,4,0,0,	36.8805555556, 122.25,
drone,4,0,0,	37.7722222222, 77.0833333333,
fiddl,4,0,0,	37.9, 87.2611111111,
artur,4,0,0,	38.1055555556, 85.0611111111,
bottm,4,0,0,	36.7166666667, 82.1305555556,
otins,4,0,0,	38.1694444444, 108.147222222,
lajug,4,0,0,	37.8083333333, 88.8944444444,
nootn,4,0,0,	37.5222222222, 114.452777778,
smokn,4,0,0,	37.5722222222, 80.4333333333,
vinta,4,0,0,	37.9694444444, 96.2388888889,
coody,4,0,0,	36.7166666667, 95.5194444444,
sadie,4,0,0,	38.0305555556, 82.5583333333,
ovahe,4,0,0,	38.125, 80.8694444444,
henby,4,0,0,	36.9944444444, 80.8333333333,
hehaw,4,0,0,	37.3777777778, 87.7333333333,
shoey,4,0,0,	37.9972222222, 122.383333333,
anjee,4,0,0,	38.0277777778, 123.438888889,
groat,4,0,0,	38.3055555556, 85.8916666667,
javva,4,0,0,	36.8305555556, 79.8472222222,
woolf,4,0,0,	37.7611111111, 114.952777778,
dunce,4,0,0,	36.9472222222, 79.7944444444,
pickn,4,0,0,	37.3166666667, 88.5472222222,
drive,4,0,0,	37.1944444444, 76.7388888889,
jawws,4,0,0,	37.7472222222, 122.144444444,
dreft,4,0,0,	38.5805555556, 85.9805555556,
piggs,4,0,0,	36.9833333333, 80.8277777778,
segul,4,0,0,	38.2527777778, 123.111111111,
santy,4,0,0,	38.2222222222, 122.708333333,
torch,4,0,0,	38.25, 122.413888889,
plata,4,0,0,	37.7472222222, 108.888888889,
sanny,4,0,0,	37.075, 80.1305555556,
skunk,4,0,0,	37.7583333333, 123.672222222,
joinn,4,0,0,	37.125, 81.9277777778,
rizal,4,0,0,	37.4027777778, 109.333333333,
gilro,4,0,0,	38.3277777778, 121.755555556,
taber,4,0,0,	38.5611111111, 81.5805555556,
beren,4,0,0,	38.6805555556, 121.047222222,
marke,4,0,0,	37.6388888889, 109.519444444,
toppe,4,0,0,	38.6694444444, 120.294444444,
forks,4,0,0,	37.3777777778, 86.7083333333,
blust,4,0,0,	37.4833333333, 85.875,
eugen,4,0,0,	38.0944444444, 123.519444444,
minus,4,0,0,	37.4638888889, 88.025,
parte,4,0,0,	38.4305555556, 80.6055555556,
draik,4,0,0,	37.1944444444, 80.5944444444,
moony,4,0,0,	37.6555555556, 122.111111111,
papee,4,0,0,	37.7583333333, 121.044444444,
karnn,4,0,0,	37.2555555556, 122.522222222,
licke,4,0,0,	38.1416666667, 123.166666667,
shavy,4,0,0,	38.2944444444, 119.683333333,
boldr,4,0,0,	37.5861111111, 123.016666667,
myerz,4,0,0,	38.6888888889, 92.0638888889,
dixxy,4,0,0,	38.1805555556, 81.7777777778,
given,4,0,0,	38.8666666667, 120.633333333,
tails,4,0,0,	37.8861111111, 122.888888889,
yeast,4,0,0,	38.8083333333, 79.5388888889,
knols,4,0,0,	37.5638888889, 120.622222222,
tings,4,0,0,	37.6055555556, 88.8638888889,
briny,4,0,0,	37.7777777778, 123.816666667,
bored,4,0,0,	38.2472222222, 122.786111111,
cheda,4,0,0,	38.6388888889, 84.6916666667,
loupe,4,0,0,	37.6666666667, 122.197222222,
carml,4,0,0,	38.5083333333, 77.9944444444,
puckk,4,0,0,	38.6972222222, 122.966666667,
obers,4,0,0,	39.0027777778, 81.7861111111,
sheps,4,0,0,	37.9138888889, 79.5027777778,
bushy,4,0,0,	38.1861111111, 122.444444444,
grnin,4,0,0,	39.0194444444, 87.2166666667,
dolly,4,0,0,	37.4638888889, 85.2305555556,
faith,4,0,0,	37.5194444444, 123.038888889,
hadly,4,0,0,	37.6333333333, 123.461111111,
terks,4,0,0,	38.8138888889, 77.8527777778,
turlo,4,0,0,	38.7305555556, 120.725,
menlo,4,0,0,	38.8166666667, 122.516666667,
unckl,4,0,0,	39.0027777778, 86.2555555556,
russl,4,0,0,	38.8472222222, 77.6083333333,
luvve,4,0,0,	38.8888888889, 123.655555556,
ewood,4,0,0,	37.8111111111, 76.125,
sawed,4,0,0,	37.5472222222, 76.6611111111,
bartn,4,0,0,	39.0527777778, 122.127777778,
shire,4,0,0,	39.1527777778, 94.3333333333,
cedes,4,0,0,	37.6333333333, 122.411111111,
dokks,4,0,0,	38.2805555556, 122.216666667,
groan,4,0,0,	38.2833333333, 121.461111111,
seems,4,0,0,	38.5194444444, 123.363888889,
sunol,4,0,0,	38.1527777778, 122.836111111,
risti,4,0,0,	38.4111111111, 123.177777778,
sheli,4,0,0,	38.825, 122.019444444,
denni,4,0,0,	38.2472222222, 88.7944444444,
kinke,4,0,0,	38.3194444444, 77.8333333333,
yocky,4,0,0,	38.0583333333, 84.7722222222,
darby,4,0,0,	38.0861111111, 85.2972222222,
elcap,4,0,0,	37.9638888889, 119.916666667,
arvon,4,0,0,	38.0694444444, 79.975,
duxby,4,0,0,	38.9388888889, 122.977777778,
trose,4,0,0,	39.2666666667, 120.822222222,
sutro,4,0,0,	38.9027777778, 123.877777778,
locke,4,0,0,	39.0472222222, 122.461111111,
banta,4,0,0,	37.8305555556, 122.125,
gents,4,0,0,	39.0472222222, 91.0416666667,
tracy,4,0,0,	39.1916666667, 122.380555556,
model,4,0,0,	37.7777777778, 77.4277777778,
brail,4,0,0,	38.4, 79.9694444444,
rooky,4,0,0,	38.4055555556, 78.1833333333,
gobbs,4,0,0,	38.2333333333, 123.458333333,
maudd,4,0,0,	37.9138888889, 86.7666666667,
svill,4,0,0,	38.0916666667, 78.5972222222,
epics,4,0,0,	38.125, 78.4166666667,
honez,4,0,0,	38.2972222222, 122.052777778,
harce,4,0,0,	38.5583333333, 89.3111111111,
sharr,4,0,0,	39.1333333333, 122.127777778,
fathm,4,0,0,	39.2222222222, 123.677777778,
dyblo,4,0,0,	37.9333333333, 122.538888889,
roman,4,0,0,	38.15, 78.85,
deand,4,0,0,	38.5083333333, 78.2861111111,
pless,4,0,0,	38.7638888889, 90.2777777778,
altam,4,0,0,	39.0222222222, 123.111111111,
janey,4,0,0,	38.1805555556, 121.988888889,
byron,4,0,0,	38.2333333333, 121.708333333,
texas,4,0,0,	38.4666666667, 89.7527777778,
stins,4,0,0,	38.5194444444, 123.422222222,
daryl,4,0,0,	38.8305555556, 122.822222222,
faged,4,0,0,	38.075, 78.2194444444,
wraps,4,0,0,	38.6444444444, 120.825,
colli,4,0,0,	39.1472222222, 122.1,
rackk,4,0,0,	39.3583333333, 90.4833333333,
nabbs,4,0,0,	38.8583333333, 78.4277777778,
riddy,4,0,0,	38.4583333333, 88.3527777778,
inyoe,4,0,0,	39.1138888889, 120.244444444,
ducke,4,0,0,	39.3194444444, 120.205555556,
lozit,4,0,0,	39.4805555556, 123.319444444,
beryl,4,0,0,	37.9055555556, 113.619444444,
haire,4,0,0,	38.6111111111, 122.844444444,
tioga,4,0,0,	39.5444444444, 120.552777778,
rebas,4,0,0,	38.6666666667, 122.416666667,
dores,4,0,0,	38.7027777778, 122.019444444,
coatt,4,0,0,	38.7694444444, 78.575,
tappa,4,0,0,	38.3333333333, 77.9472222222,
orang,4,0,0,	37.9944444444, 122.663888889,
sablo,4,0,0,	38.8722222222, 122.205555556,
thomp,4,0,0,	38.9333333333, 89.45,
glenr,4,0,0,	39.4694444444, 95.1083333333,
wesco,4,0,0,	38.4805555556, 91.8777777778,
primm,4,0,0,	39.3416666667, 85.5722222222,
sport,4,0,0,	39.5, 90.9611111111,
upend,4,0,0,	39.5444444444, 123.447222222,
rocka,4,0,0,	38.3888888889, 81.1722222222,
pitts,4,0,0,	39.6888888889, 122.686111111,
croit,4,0,0,	38.6722222222, 123.286111111,
oakey,4,0,0,	38.7055555556, 122.366666667,
ogate,4,0,0,	38.8527777778, 77.6361111111,
lizrd,4,0,0,	38.9277777778, 123.488888889,
loddi,4,0,0,	38.0666666667, 122.883333333,
pegby,4,0,0,	39.2611111111, 77.3055555556,
colin,4,0,0,	39.7305555556, 78.0638888889,
rymar,4,0,0,	39.1027777778, 123.075,
fleat,4,0,0,	38.1777777778, 123.144444444,
holan,4,0,0,	39.125, 87.8527777778,
jimbe,4,0,0,	39.25, 77.925,
qball,4,0,0,	39.3222222222, 90.3,
hilts,4,0,0,	39.3777777778, 89.1722222222,
floss,4,0,0,	39.4472222222, 98.2333333333,
rejoy,4,0,0,	39.7916666667, 122.188888889,
damen,4,0,0,	38.8361111111, 86.4444444444,
falko,4,0,0,	38.3694444444, 78.3583333333,
dosoa,4,0,0,	38.5194444444, 96.1083333333,
visto,4,0,0,	39.2583333333, 122.880555556,
dahll,4,0,0,	38.6722222222, 89.1333333333,
gruby,4,0,0,	39.0222222222, 77.8972222222,
cordd,4,0,0,	39.35, 123.555555556,
twane,4,0,0,	39.2138888889, 122.388888889,
cheri,4,0,0,	39.5694444444, 87.9861111111,
todde,4,0,0,	38.4638888889, 105.252777778,
sacko,4,0,0,	39.0083333333, 87.6055555556,
jrico,4,0,0,	39.1833333333, 87.5388888889,
weyyi,4,0,0,	39.8527777778, 103.544444444,
sweed,4,0,0,	38.3222222222, 84.1666666667,
dilnn,4,0,0,	38.6944444444, 80.3916666667,
galts,4,0,0,	38.7416666667, 122.430555556,
ember,4,0,0,	39.5722222222, 122.663888889,
perri,4,0,0,	39.6861111111, 80.4416666667,
leean,4,0,0,	39.8805555556, 91.3055555556,
coups,4,0,0,	39.9277777778, 121.911111111,
zolli,4,0,0,	38.6555555556, 89.1638888889,
pento,4,0,0,	39.5194444444, 87.7472222222,
ponie,4,0,0,	39.7166666667, 85.5166666667,
genus,4,0,0,	39.725, 84.7361111111,
rylie,4,0,0,	38.7444444444, 102.905555556,
essar,4,0,0,	39.1138888889, 91.5777777778,
jdunn,4,0,0,	38.4777777778, 88.7083333333,
cbeav,4,0,0,	38.8944444444, 76.7277777778,
sabbi,4,0,0,	39.8888888889, 77.5527777778,
frees,4,0,0,	39.4527777778, 123.838888889,
kanon,4,0,0,	39.6333333333, 106.880555556,
klair,4,0,0,	39.5222222222, 92.1694444444,
puttz,4,0,0,	39.675, 79.3694444444,
gofer,4,0,0,	38.6305555556, 77.525,
cofco,4,0,0,	39.2, 84.3027777778,
maize,4,0,0,	39.2527777778, 87.5944444444,
raggs,4,0,0,	39.4388888889, 122.833333333,
seato,4,0,0,	39.4722222222, 122.094444444,
parox,4,0,0,	38.4833333333, 109.558333333,
churk,4,0,0,	38.6138888889, 76.375,
popes,4,0,0,	38.7472222222, 123.586111111,
herrm,4,0,0,	39.1361111111, 108.688888889,
abots,4,0,0,	39.5055555556, 107.627777778,
snupy,4,0,0,	38.675, 123.152777778,
finks,4,0,0,	39.2444444444, 80.5111111111,
heals,4,0,0,	39.2944444444, 85.9166666667,
wilsy,4,0,0,	38.8222222222, 97.3111111111,
hymns,4,0,0,	40.0055555556, 103.272222222,
obban,4,0,0,	40.1444444444, 85.1111111111,
dawnn,4,0,0,	38.725, 87.4194444444,
barin,4,0,0,	38.8888888889, 78.7416666667,
bessa,4,0,0,	39.1194444444, 123.472222222,
loudd,4,0,0,	39.8472222222, 106.005555556,
drake,4,0,0,	39.2722222222, 105.825,
louie,4,0,0,	39.8305555556, 76.4222222222,
elkoe,4,0,0,	39.9833333333, 123.2,
nerve,4,0,0,	40.1638888889, 85.7944444444,
mauch,4,0,0,	39.7972222222, 123.961111111,
spook,4,0,0,	40.2, 121.677777778,
tilts,4,0,0,	38.775, 120.538888889,
darks,4,0,0,	38.9722222222, 84.8694444444,
primi,4,0,0,	39.4722222222, 119.6,
kerre,4,0,0,	39.4944444444, 80.0861111111,
gorje,4,0,0,	40.0111111111, 106.322222222,
chikn,4,0,0,	40.0361111111, 91.4416666667,
radds,4,0,0,	40.1555555556, 75.5972222222,
sargo,4,0,0,	38.8916666667, 86.775,
sacco,4,0,0,	39.0444444444, 78.8722222222,
capto,4,0,0,	39.225, 122.380555556,
tyger,4,0,0,	38.6833333333, 94.1055555556,
jiles,4,0,0,	39.1027777778, 77.5166666667,
trake,4,0,0,	39.5444444444, 92.675,
kayla,4,0,0,	39.7777777778, 91.7416666667,
gared,4,0,0,	39.8055555556, 76.6277777778,
geter,4,0,0,	38.8833333333, 124.627777778,
coors,4,0,0,	39.1388888889, 91.3833333333,
mosey,4,0,0,	39.6333333333, 86.2638888889,
erace,4,0,0,	39.9194444444, 78.7555555556,
doccs,4,0,0,	40.0333333333, 78.7527777778,
snydr,4,0,0,	40.1583333333, 91.3916666667,
genne,4,0,0,	40.2138888889, 119.822222222,
mosby,4,0,0,	38.9222222222, 78.05,
kales,4,0,0,	39.6166666667, 95.8027777778,
brick,4,0,0,	40.3888888889, 108.888888889,
chops,4,0,0,	39.9111111111, 76.9555555556,
marri,4,0,0,	40.0638888889, 119.708333333,
warsa,4,0,0,	40.0777777778, 86.4361111111,
wushu,4,0,0,	40.1166666667, 122.744444444,
hicky,4,0,0,	39.2305555556, 106.747222222,
peels,4,0,0,	40.0388888889, 122.416666667,
twila,4,0,0,	39.1555555556, 89.8277777778,
lafln,4,0,0,	39.5444444444, 76.825,
deale,4,0,0,	40.225, 76.5444444444,
zirke,4,0,0,	40.2861111111, 85.15,
slina,4,0,0,	39.2277777778, 113.330555556,
gripp,4,0,0,	39.9527777778, 106.938888889,
tarvr,4,0,0,	40.3416666667, 120.191666667,
sells,4,0,0,	39.7555555556, 103.344444444,
jetta,4,0,0,	39.8777777778, 77.975,
bevrr,4,0,0,	39.6416666667, 113.327777778,
jigsy,4,0,0,	39.7194444444, 89.4305555556,
aview,4,0,0,	40.3305555556, 85.6777777778,
oathe,4,0,0,	40.35, 102.872222222,
corki,4,0,0,	40.4472222222, 90.2111111111,
jaybo,4,0,0,	39.3277777778, 76.6944444444,
otter,4,0,0,	39.6833333333, 95.5583333333,
trike,4,0,0,	40.1361111111, 94.4416666667,
rumsy,4,0,0,	39.8083333333, 122.391666667,
hucks,4,0,0,	40.1361111111, 92.6944444444,
trips,4,0,0,	39.1055555556, 85.6833333333,
terro,4,0,0,	39.6111111111, 106.619444444,
tenco,4,0,0,	39.6638888889, 121.788888889,
hedge,4,0,0,	39.775, 76.2361111111,
saden,4,0,0,	39.0972222222, 91.4194444444,
adane,4,0,0,	40.4222222222, 105.961111111,
pragg,4,0,0,	38.9944444444, 103.980555556,
melvy,4,0,0,	39.1111111111, 90.9194444444,
dirdy,4,0,0,	40.2555555556, 109.022222222,
calif,4,0,0,	38.9861111111, 85.3638888889,
graco,4,0,0,	39.7611111111, 77.8277777778,
ridgy,4,0,0,	39.8972222222, 76.4305555556,
flawd,4,0,0,	39.7138888889, 77.1583333333,
jhawk,4,0,0,	39.6138888889, 96.5444444444,
gilby,4,0,0,	39.6222222222, 78.1583333333,
tudor,4,0,0,	39.3, 122.883333333,
flunk,4,0,0,	39.8944444444, 121.152777778,
richy,4,0,0,	40.4333333333, 120.269444444,
moray,4,0,0,	39.1833333333, 94.7111111111,
manne,4,0,0,	39.4, 78.05,
franc,4,0,0,	39.8333333333, 92.8833333333,
grime,4,0,0,	40.3694444444, 121.780555556,
honkr,4,0,0,	39.7944444444, 109.922222222,
paleo,4,0,0,	40.15, 76.9722222222,
peaps,4,0,0,	39.8916666667, 76.2916666667,
agard,4,0,0,	40.0583333333, 76.375,
rugbb,4,0,0,	39.6805555556, 96.1583333333,
speak,4,0,0,	39.8638888889, 77.0083333333,
jasen,4,0,0,	40.1194444444, 78.0111111111,
canny,4,0,0,	40.1583333333, 76.7944444444,
laped,4,0,0,	40.2194444444, 123.847222222,
dalon,4,0,0,	39.275, 123.888888889,
shole,4,0,0,	39.4555555556, 121.216666667,
kippy,4,0,0,	39.5222222222, 104.8,
octam,4,0,0,	39.7888888889, 94.7222222222,
donil,4,0,0,	40.05, 75.825,
jaggi,4,0,0,	39.3666666667, 92.7916666667,
scarf,4,0,0,	39.4972222222, 86.575,
price,4,0,0,	39.8138888889, 75.8805555556,
spoon,4,0,0,	39.8277777778, 120.122222222,
weeds,4,0,0,	40.3027777778, 103.3,
worke,4,0,0,	39.2, 88.4694444444,
traci,4,0,0,	39.4277777778, 108.802777778,
conal,4,0,0,	39.5166666667, 104.277777778,
yubba,4,0,0,	39.8333333333, 122.036111111,
hoage,4,0,0,	40.3111111111, 78.4277777778,
kentn,4,0,0,	40.3194444444, 96.5194444444,
murfe,4,0,0,	39.6277777778, 106.294444444,
noahs,4,0,0,	39.7166666667, 95.725,
trixy,4,0,0,	39.7222222222, 78.5611111111,
solar,4,0,0,	40.4611111111, 105.961111111,
swann,4,0,0,	39.2972222222, 77.4361111111,
domer,4,0,0,	39.525, 109.811111111,
jacee,4,0,0,	40.2083333333, 82.5777777778,
druzz,4,0,0,	40.4916666667, 79.1472222222,
paces,4,0,0,	40.7333333333, 109.480555556,
yakiy,4,0,0,	40.7916666667, 103.102777778,
golda,4,0,0,	39.7305555556, 77.4555555556,
bross,4,0,0,	39.9722222222, 77.25,
hiper,4,0,0,	40.7805555556, 92.4694444444,
basee,4,0,0,	39.8194444444, 105.822222222,
meloy,4,0,0,	40.2027777778, 96.0277777778,
brynn,4,0,0,	40.4, 85.5222222222,
lovey,4,0,0,	40.55, 86.2722222222,
kuriq,4,0,0,	39.5194444444, 103.063888889,
mrggo,4,0,0,	39.7777777778, 122.466666667,
piech,4,0,0,	40.1777777778, 121.722222222,
rango,4,0,0,	39.8555555556, 121.866666667,
larks,4,0,0,	39.9916666667, 105.863888889,
quail,4,0,0,	40.2055555556, 105.183333333,
leeah,4,0,0,	40.3388888889, 75.2611111111,
gatby,4,0,0,	40.3611111111, 76.15,
wagge,4,0,0,	40.4333333333, 120.083333333,
envuh,4,0,0,	39.5888888889, 74.9805555556,
bygec,4,0,0,	40.0111111111, 95.6277777778,
music,4,0,0,	40.7472222222, 84.675,
vikes,4,0,0,	40.0222222222, 120.169444444,
skeed,4,0,0,	40.0888888889, 106.358333333,
sabby,4,0,0,	40.1666666667, 123.758333333,
bucko,4,0,0,	40.3333333333, 80.6527777778,
moaks,4,0,0,	40.4694444444, 85.4555555556,
slolm,4,0,0,	40.6305555556, 108.725,
huggy,4,0,0,	39.4138888889, 94.9722222222,
catts,4,0,0,	39.4222222222, 96.5833333333,
angey,4,0,0,	39.65, 98.25,
lorle,4,0,0,	39.7944444444, 91.6166666667,
lissn,4,0,0,	39.8305555556, 105.697222222,
squat,4,0,0,	40.2444444444, 108.855555556,
kerno,4,0,0,	40.3083333333, 77.0027777778,
decee,4,0,0,	40.45, 87.3277777778,
gridd,4,0,0,	40.3916666667, 122.038888889,
cares,4,0,0,	40.5361111111, 94.8472222222,
wooly,4,0,0,	39.8666666667, 77.3444444444,
colas,4,0,0,	40.2916666667, 105.919444444,
cleve,4,0,0,	40.4222222222, 105.427777778,
signa,4,0,0,	40.7111111111, 121.205555556,
gleno,4,0,0,	40.7722222222, 107.591666667,
jeney,4,0,0,	39.6194444444, 84.8055555556,
milan,4,0,0,	39.9583333333, 85.3388888889,
jefel,4,0,0,	40.6444444444, 105.427777778,
tuber,4,0,0,	40.9027777778, 74.8944444444,
charz,4,0,0,	41.0111111111, 85.1305555556,
hairs,4,0,0,	39.5972222222, 95.4138888889,
lindz,4,0,0,	39.9277777778, 107.925,
bobba,4,0,0,	40.5444444444, 106.469444444,
powdr,4,0,0,	40.5611111111, 106.988888889,
dandd,4,0,0,	40.8, 104.463888889,
hoboa,4,0,0,	39.8388888889, 120.788888889,
mumsy,4,0,0,	40.725, 79.525,
kelly,4,0,0,	40.7666666667, 87.1472222222,
boton,4,0,0,	40.8472222222, 74.925,
mowed,4,0,0,	41.0472222222, 85.9833333333,
martz,4,0,0,	39.7833333333, 83.8638888889,
rivrs,4,0,0,	40.0111111111, 92.4916666667,
prude,4,0,0,	40.6694444444, 85.5638888889,
leboy,4,0,0,	39.4361111111, 91.2027777778,
truck,4,0,0,	39.8694444444, 121.325,
terri,4,0,0,	40.65, 75.6333333333,
mattz,4,0,0,	40.6611111111, 95.0472222222,
ruane,4,0,0,	40.7111111111, 78.1,
tarne,4,0,0,	40.125, 85.5666666667,
keyer,4,0,0,	40.9305555556, 79.8888888889,
verdi,4,0,0,	41.1305555556, 119.947222222,
zarho,4,0,0,	39.4833333333, 86.9,
tigrr,4,0,0,	39.6222222222, 85.2333333333,
hayss,4,0,0,	40.1166666667, 84.575,
odesa,4,0,0,	40.2916666667, 77.0555555556,
mizza,4,0,0,	40.8555555556, 85.125,
lizio,4,0,0,	41.0361111111, 80.6611111111,
signe,4,0,0,	39.6138888889, 105.463888889,
wezer,4,0,0,	39.9444444444, 75.6638888889,
skipy,4,0,0,	40.125, 75.7777777778,
fuell,4,0,0,	40.1666666667, 122.302777778,
bowls,4,0,0,	40.4111111111, 122.308333333,
roses,4,0,0,	40.5972222222, 87.7944444444,
store,4,0,0,	40.8833333333, 80.825,
baaby,4,0,0,	41.1333333333, 80.6,
orley,4,0,0,	40.1416666667, 88.4361111111,
brigs,4,0,0,	40.2027777778, 74.6833333333,
carrf,4,0,0,	41.0583333333, 87.1333333333,
pyrat,4,0,0,	39.9333333333, 82.8555555556,
kekee,4,0,0,	40.0166666667, 84.875,
donns,4,0,0,	40.1555555556, 94.6472222222,
flagg,4,0,0,	40.1555555556, 102.988888889,
huuge,4,0,0,	39.5805555556, 105.919444444,
baylr,4,0,0,	39.8805555556, 105.783333333,
kirkk,4,0,0,	40.0916666667, 76.0666666667,
huntn,4,0,0,	39.7194444444, 105.872222222,
ozmoe,4,0,0,	39.8277777778, 86.6277777778,
bucke,4,0,0,	39.8694444444, 85.0944444444,
peggi,4,0,0,	39.8777777778, 96.3638888889,
howie,4,0,0,	41.1694444444, 74.9277777778,
hoggs,4,0,0,	41.1861111111, 74.6583333333,
beckr,4,0,0,	39.9333333333, 74.5888888889,
rocky,4,0,0,	40.0472222222, 88.8555555556,
epkee,4,0,0,	40.5305555556, 105.402777778,
eevan,4,0,0,	40.5944444444, 84.6694444444,
tifto,4,0,0,	41.2083333333, 96.9777777778,
gauls,4,0,0,	39.9055555556, 88.0694444444,
cresi,4,0,0,	40.6888888889, 75.5805555556,
woobi,4,0,0,	40.9333333333, 89.725,
shirt,4,0,0,	41.25, 84.0194444444,
hedee,4,0,0,	40.0583333333, 84.3611111111,
abdal,4,0,0,	40.1638888889, 81.2583333333,
jingo,4,0,0,	39.6694444444, 122.197222222,
arcol,4,0,0,	39.8083333333, 89.8944444444,
redss,4,0,0,	40.1583333333, 83.6583333333,
panze,4,0,0,	40.6, 74.3166666667,
bessi,4,0,0,	40.6333333333, 76.3388888889,
hngry,4,0,0,	41.1611111111, 119.980555556,
judaa,4,0,0,	40.2055555556, 95.55,
twain,4,0,0,	40.4611111111, 92.9833333333,
lusly,4,0,0,	41.025, 90.0861111111,
burgs,4,0,0,	41.2055555556, 80.8972222222,
connr,4,0,0,	41.2527777778, 107.227777778,
bremn,4,0,0,	39.7472222222, 82.8361111111,
weeld,4,0,0,	40.5472222222, 81.1972222222,
orlee,4,0,0,	40.8166666667, 83.6972222222,
dixee,4,0,0,	41.1777777778, 84.575,
joger,4,0,0,	40.1277777778, 84.0805555556,
bayli,4,0,0,	40.325, 92.6222222222,
extan,4,0,0,	40.7305555556, 104.475,
gongs,4,0,0,	40.7361111111, 122.086111111,
fricc,4,0,0,	40.1916666667, 83.0138888889,
slope,4,0,0,	39.875, 105.980555556,
novjo,4,0,0,	39.8861111111, 108.652777778,
beall,4,0,0,	39.9666666667, 82.0194444444,
hoker,4,0,0,	40.2194444444, 105.388888889,
lazlo,4,0,0,	40.1055555556, 112.883333333,
savvy,4,0,0,	40.4611111111, 75.6805555556,
limps,4,0,0,	41.1583333333, 83.2944444444,
karrs,4,0,0,	40.5833333333, 74.2527777778,
jeane,4,0,0,	41.3777777778, 87.6361111111,
sextn,4,0,0,	39.9777777778, 91.5833333333,
lewey,4,0,0,	40.3361111111, 88.2888888889,
gordo,4,0,0,	40.7694444444, 89.7972222222,
hisom,4,0,0,	40.8527777778, 81.9,
scale,4,0,0,	40.8555555556, 106.238888889,
ginia,4,0,0,	41.4138888889, 90.7138888889,
emmys,4,0,0,	39.9277777778, 103.883333333,
henle,4,0,0,	40.3527777778, 123.997222222,
homar,4,0,0,	40.875, 86.2916666667,
creep,4,0,0,	40.3444444444, 85.1666666667,
davys,4,0,0,	40.4888888889, 76.2638888889,
cayko,4,0,0,	41.1083333333, 95.4027777778,
lombo,4,0,0,	40.7888888889, 122.819444444,
anaho,4,0,0,	41.0611111111, 120.963888889,
empty,4,0,0,	41.2805555556, 83.5444444444,
stefe,4,0,0,	41.4777777778, 76.25,
bowrr,4,0,0,	41.5611111111, 84.5861111111,
holey,4,0,0,	40.4583333333, 75.8361111111,
zippy,4,0,0,	40.5611111111, 87.9138888889,
gloom,4,0,0,	40.7027777778, 84.1722222222,
witne,4,0,0,	41.35, 105.263888889,
gamby,4,0,0,	40.6194444444, 74.0944444444,
phlat,4,0,0,	40.6472222222, 105.386111111,
wints,4,0,0,	41.1138888889, 82.6444444444,
camrn,4,0,0,	40.0805555556, 74.9555555556,
clang,4,0,0,	40.1277777778, 86.2666666667,
eeons,4,0,0,	40.5055555556, 104.075,
jesie,4,0,0,	40.7055555556, 107.744444444,
magoo,4,0,0,	40.8472222222, 91.9194444444,
zimmr,4,0,0,	41.3111111111, 107.194444444,
trunc,4,0,0,	40.1333333333, 85.1833333333,
brand,4,0,0,	40.2055555556, 74.9944444444,
jammn,4,0,0,	41.0444444444, 113.041666667,
tojam,4,0,0,	40.8027777778, 109.263888889,
frose,4,0,0,	41.2694444444, 75.9861111111,
skutr,4,0,0,	40.2388888889, 91.1472222222,
spery,4,0,0,	41.4416666667, 76.4,
bunts,4,0,0,	41.6222222222, 77.2611111111,
tragg,4,0,0,	41.325, 76.5111111111,
pends,4,0,0,	41.6916666667, 87.2111111111,
jener,4,0,0,	40.1666666667, 79.5416666667,
gilbe,4,0,0,	41.2055555556, 89.5583333333,
prong,4,0,0,	41.2333333333, 106.05,
somto,4,0,0,	41.0666666667, 76.4222222222,
tates,4,0,0,	41.1027777778, 79.3416666667,
jthro,4,0,0,	41.1333333333, 95.0222222222,
pleez,4,0,0,	41.2138888889, 80.1388888889,
wiske,4,0,0,	41.3638888889, 81.6083333333,
gedic,4,0,0,	41.4166666667, 73.3944444444,
naggs,4,0,0,	41.5027777778, 76.0777777778,
hygen,4,0,0,	41.6388888889, 105.597222222,
winno,4,0,0,	40.9333333333, 86.35,
bouhn,4,0,0,	40.4194444444, 78.0416666667,
wimpi,4,0,0,	41.3222222222, 91.2194444444,
arnie,4,0,0,	41.8444444444, 80.3388888889,
sayge,4,0,0,	40.2638888889, 104.033333333,
danei,4,0,0,	40.4666666667, 84.2361111111,
bacnn,4,0,0,	41.0111111111, 95.1972222222,
aland,4,0,0,	41.7194444444, 89.6083333333,
neens,4,0,0,	41.7166666667, 92.0111111111,
hilde,4,0,0,	40.625, 95.625,
tomad,4,0,0,	40.6888888889, 124.161111111,
debar,4,0,0,	40.6972222222, 86.2777777778,
sherl,4,0,0,	40.8416666667, 73.6083333333,
dunny,4,0,0,	40.875, 103.825,
niwot,4,0,0,	40.95, 106.144444444,
rossy,4,0,0,	40.4833333333, 84.7722222222,
edmew,4,0,0,	40.7777777778, 86.4944444444,
karaa,4,0,0,	40.8944444444, 95.9027777778,
rusia,4,0,0,	40.9416666667, 85.2333333333,
colie,4,0,0,	41.6583333333, 92.2361111111,
sylvr,4,0,0,	41.2166666667, 104.802777778,
luize,4,0,0,	41.3944444444, 76.0055555556,
exult,4,0,0,	41.0305555556, 81.7527777778,
lomon,4,0,0,	41.1055555556, 77.4888888889,
cofax,4,0,0,	41.6, 77.9944444444,
miroy,4,0,0,	41.85, 79.0916666667,
mazie,4,0,0,	40.8583333333, 76.075,
elana,4,0,0,	41.8583333333, 74.6333333333,
owbie,4,0,0,	40.5305555556, 75.5194444444,
tomsn,4,0,0,	41.0166666667, 105.838888889,
landr,4,0,0,	41.1194444444, 104.302777778,
ewoks,4,0,0,	41.1444444444, 122.952777778,
bouno,4,0,0,	41.8944444444, 74.1555555556,
minks,4,0,0,	41.1861111111, 75.2972222222,
hapie,4,0,0,	40.7027777778, 74.5694444444,
elase,4,0,0,	41.4138888889, 75.8305555556,
harod,4,0,0,	40.45, 86.9111111111,
mclen,4,0,0,	40.8916666667, 89.5027777778,
homan,4,0,0,	40.8972222222, 123.358333333,
allan,4,0,0,	41.0055555556, 105.863888889,
metro,4,0,0,	41.0222222222, 74.9527777778,
loamy,4,0,0,	41.1972222222, 91.8777777778,
drems,4,0,0,	41.5388888889, 75.275,
tumbl,4,0,0,	41.8388888889, 103.986111111,
pycat,4,0,0,	41.7277777778, 77.8777777778,
spuds,4,0,0,	40.5861111111, 77.0444444444,
kendl,4,0,0,	41.0194444444, 122.508333333,
lilli,4,0,0,	41.9861111111, 79.5333333333,
spiek,4,0,0,	41.7222222222, 113.069444444,
harlm,4,0,0,	41.225, 76.3083333333,
ramms,4,0,0,	41.2694444444, 105.586111111,
wiltt,4,0,0,	40.8333333333, 78.95,
wagor,4,0,0,	41.3777777778, 89.3944444444,
homee,4,0,0,	41.5194444444, 79.7527777778,
ridje,4,0,0,	40.6583333333, 106.15,
ibecu,4,0,0,	40.7027777778, 75.1583333333,
frogs,4,0,0,	40.8333333333, 107.022222222,
lorin,4,0,0,	40.9694444444, 107.386111111,
echoa,4,0,0,	41.0305555556, 108.538888889,
brocc,4,0,0,	41.0333333333, 106.469444444,
dekve,4,0,0,	41.0361111111, 107.955555556,
buzzi,4,0,0,	40.6388888889, 84.8527777778,
keokk,4,0,0,	40.8916666667, 91.7666666667,
apple,4,0,0,	41.1638888889, 75.275,
yager,4,0,0,	41.2861111111, 124.580555556,
bette,4,0,0,	41.475, 74.1722222222,
beuty,4,0,0,	40.8194444444, 76.1472222222,
lenrd,4,0,0,	40.85, 83.6611111111,
gassi,4,0,0,	41.0666666667, 119.233333333,
yokes,4,0,0,	41.5944444444, 104.625,
ajays,4,0,0,	41.9, 86.8944444444,
itmor,4,0,0,	42.0361111111, 123.144444444,
libie,4,0,0,	40.7277777778, 104.080555556,
elkee,4,0,0,	40.7916666667, 105.558333333,
riced,4,0,0,	41.8027777778, 73.5666666667,
noris,4,0,0,	41.8888888889, 91.1555555556,
chhip,4,0,0,	40.8833333333, 113.211111111,
kappa,4,0,0,	41.9111111111, 89.2527777778,
proud,4,0,0,	41.9305555556, 75.625,
mcman,4,0,0,	42.2611111111, 78.5611111111,
amway,4,0,0,	42.2805555556, 103.261111111,
shata,4,0,0,	40.9888888889, 122.497222222,
lizzi,4,0,0,	42.2166666667, 76.6777777778,
rashe,4,0,0,	41.6722222222, 78.7083333333,
rober,4,0,0,	40.8972222222, 74.6111111111,
kirby,4,0,0,	42.175, 83.7805555556,
krest,4,0,0,	42.3055555556, 123.808333333,
waats,4,0,0,	41.0083333333, 113.838888889,
knole,4,0,0,	41.3111111111, 113.716666667,
wgner,4,0,0,	40.8388888889, 85.9027777778,
slatt,4,0,0,	41.2222222222, 75.8722222222,
torrr,4,0,0,	41.5527777778, 86.0361111111,
modes,4,0,0,	40.875, 104.602777778,
autim,4,0,0,	41.2611111111, 106.727777778,
vibes,4,0,0,	42.0722222222, 75.6527777778,
yammi,4,0,0,	42.2444444444, 105.202777778,
javas,4,0,0,	42.3111111111, 93.3305555556,
lawto,4,0,0,	41.3222222222, 83.7638888889,
oxfat,4,0,0,	41.3194444444, 87.8805555556,
yales,4,0,0,	41.8833333333, 105.3,
biley,4,0,0,	42.4083333333, 77.0472222222,
sweet,4,0,0,	41.9777777778, 75.6805555556,
foyte,4,0,0,	41.5166666667, 125.361111111,
albrt,4,0,0,	41.6388888889, 93.3833333333,
glimr,4,0,0,	42.4944444444, 103.808333333,
newes,4,0,0,	41.4111111111, 74.5944444444,
sound,4,0,0,	42.2861111111, 73.7777777778,
cutta,4,0,0,	41.8222222222, 81.6277777778,
penns,4,0,0,	42.2666666667, 76.0555555556,
josef,4,0,0,	42.3, 82.8833333333,
bargr,4,0,0,	41.2, 106.713888889,
marrc,4,0,0,	42.1055555556, 76.4083333333,
lendy,4,0,0,	42.3861111111, 74.325,
dulap,4,0,0,	41.1805555556, 90.4472222222,
gweny,4,0,0,	42.0194444444, 74.0555555556,
keatn,4,0,0,	42.3916666667, 82.2055555556,
alpoe,4,0,0,	41.75, 107.872222222,
khort,4,0,0,	41.0388888889, 102.933333333,
burkk,4,0,0,	41.2138888889, 92.6333333333,
hocut,4,0,0,	41.9277777778, 124.525,
famma,4,0,0,	41.9916666667, 75.1888888889,
racki,4,0,0,	42.2277777778, 76.5972222222,
keyed,4,0,0,	42.4305555556, 73.5666666667,
zahnn,4,0,0,	42.0277777778, 73.5305555556,
doore,4,0,0,	42.1666666667, 74.4694444444,
mugzy,4,0,0,	42.3638888889, 75.2361111111,
whitt,4,0,0,	42.6277777778, 76.1055555556,
defoe,4,0,0,	42.0694444444, 82.2805555556,
watso,4,0,0,	42.525, 78.4444444444,
trial,4,0,0,	42.3444444444, 124.575,
beltt,4,0,0,	42.4027777778, 73.3583333333,
yahoo,4,0,0,	41.3138888889, 71.0777777778,
harty,4,0,0,	41.5194444444, 75.7388888889,
vikky,4,0,0,	41.8305555556, 74.2333333333,
craly,4,0,0,	42.3972222222, 74.325,
zorro,4,0,0,	42.4, 88.3138888889,
cleft,4,0,0,	42.5111111111, 86.8472222222,
parch,4,0,0,	42.675, 72.525,
nessi,4,0,0,	41.1444444444, 73.6222222222,
haarp,4,0,0,	42.7361111111, 74.5972222222,
cames,4,0,0,	41.7138888889, 81.6722222222,
swiss,4,0,0,	42.3027777778, 77.7666666667,
reels,4,0,0,	41.1722222222, 84.3583333333,
hayed,4,0,0,	42.1944444444, 76.3944444444,
cream,4,0,0,	42.6861111111, 73.025,
jenno,4,0,0,	41.4444444444, 76.7916666667,
boros,4,0,0,	41.8305555556, 73.5666666667,
eilen,4,0,0,	41.8388888889, 73.5805555556,
westo,4,0,0,	41.9444444444, 73.9638888889,
garrd,4,0,0,	42.05, 72.5944444444,
alixx,4,0,0,	42.6333333333, 74.3527777778,
roter,4,0,0,	42.7361111111, 85.5916666667,
abbee,4,0,0,	41.4194444444, 85.8055555556,
elija,4,0,0,	41.9666666667, 83.0611111111,
rymes,4,0,0,	42.0166666667, 74.925,
hagud,4,0,0,	42.0638888889, 82.0111111111,
flibb,4,0,0,	42.2555555556, 72.9777777778,
plaer,4,0,0,	42.375, 83.1111111111,
motif,4,0,0,	42.5111111111, 88.5972222222,
lucit,4,0,0,	42.7833333333, 88.1138888889,
denna,4,0,0,	42.875, 74.2361111111,
doswl,4,0,0,	41.3833333333, 73.7138888889,
spann,4,0,0,	41.7222222222, 86.5027777778,
watsn,4,0,0,	41.2972222222, 86.2333333333,
trait,4,0,0,	41.4166666667, 72.0083333333,
wakem,4,0,0,	41.4666666667, 83.3083333333,
yoder,4,0,0,	41.9111111111, 73.2444444444,
shaff,4,0,0,	41.9194444444, 75.4388888889,
garen,4,0,0,	42.0527777778, 85.1805555556,
raalf,4,0,0,	42.725, 73.0666666667,
phaty,4,0,0,	41.4555555556, 81.6194444444,
spore,4,0,0,	41.7, 83.9611111111,
fzool,4,0,0,	42.2944444444, 74.9222222222,
wacky,4,0,0,	42.0444444444, 72.4722222222,
basye,4,0,0,	42.3722222222, 75.3111111111,
minnk,4,0,0,	42.4833333333, 72.1666666667,
merit,4,0,0,	42.8944444444, 73.5416666667,
lolly,4,0,0,	41.6, 75.4,
ashwy,4,0,0,	41.9388888889, 71.9,
crank,4,0,0,	43.0583333333, 74.9361111111,
coked,4,0,0,	41.8388888889, 88.2361111111,
nobbi,4,0,0,	42.1472222222, 74.0805555556,
cnota,4,0,0,	41.5111111111, 93.1638888889,
valre,4,0,0,	41.6333333333, 75.375,
corle,4,0,0,	42.5305555556, 75.8111111111,
lecor,4,0,0,	42.0277777778, 77.1833333333,
lafay,4,0,0,	42.7083333333, 72.1722222222,
minok,4,0,0,	41.6916666667, 89.675,
greki,4,0,0,	42.8, 74.7166666667,
ilton,4,0,0,	43.0694444444, 85.3361111111,
benky,4,0,0,	42.6833333333, 89.6027777778,
scoff,4,0,0,	43.0361111111, 76.8722222222,
halie,4,0,0,	43.1083333333, 88.0361111111,
inken,4,0,0,	41.8944444444, 87.3444444444,
awsum,4,0,0,	42.0694444444, 87.1944444444,
nomes,4,0,0,	42.1222222222, 86.625,
thumb,4,0,0,	42.1833333333, 73.2333333333,
drivr,4,0,0,	42.1944444444, 87.6138888889,
loves,4,0,0,	42.0777777778, 73.9583333333,
flosi,4,0,0,	42.5472222222, 74.4138888889,
varys,4,0,0,	41.5916666667, 83.025,
bearz,4,0,0,	42.5611111111, 88.1805555556,
newrk,4,0,0,	43.1638888889, 89.0111111111,
cassh,4,0,0,	42.7777777778, 74.2333333333,
hanki,4,0,0,	43.1472222222, 104.263888889,
judds,4,0,0,	41.7694444444, 73.6722222222,
wongs,4,0,0,	41.9666666667, 76.3722222222,
deede,4,0,0,	42.9611111111, 74.2472222222,
wipor,4,0,0,	42.2916666667, 73.2138888889,
kitty,4,0,0,	42.7861111111, 83.3444444444,
helon,4,0,0,	41.7416666667, 75.6444444444,
nakes,4,0,0,	41.9555555556, 85.2944444444,
deebe,4,0,0,	42.4555555556, 85.3555555556,
jewit,4,0,0,	42.9611111111, 72.7388888889,
briss,4,0,0,	41.9638888889, 73.0222222222,
cetus,4,0,0,	42.0694444444, 82.8611111111,
mogul,4,0,0,	42.35, 72.9138888889,
grena,4,0,0,	42.5833333333, 122.755555556,
modem,4,0,0,	42.8611111111, 86.275,
eagre,4,0,0,	43.3305555556, 73.3111111111,
nosee,4,0,0,	42.7888888889, 76.0194444444,
randl,4,0,0,	42.9222222222, 84.7388888889,
weard,4,0,0,	42.9638888889, 75.3555555556,
inndy,4,0,0,	42.3, 72.6388888889,
tackl,4,0,0,	43.2277777778, 83.025,
junkr,4,0,0,	43.1944444444, 84.1972222222,
hired,4,0,0,	41.8805555556, 85.1083333333,
mizar,4,0,0,	42.7277777778, 84.6777777778,
blatt,4,0,0,	42.8472222222, 73.5277777778,
gonne,4,0,0,	42.4694444444, 82.1166666667,
fosty,4,0,0,	42.8194444444, 72.5055555556,
kerri,4,0,0,	42.875, 75.1472222222,
weets,4,0,0,	42.6027777778, 75.6166666667,
dvany,4,0,0,	43.0888888889, 72.6138888889,
hoxie,4,0,0,	43.3527777778, 78.1111111111,
ruzzl,4,0,0,	42.6944444444, 84.4666666667,
tresa,4,0,0,	43.2444444444, 74.0055555556,
firme,4,0,0,	42.0805555556, 84.2944444444,
stuby,4,0,0,	42.1138888889, 73.825,
hefty,4,0,0,	42.4333333333, 72.95,
veers,4,0,0,	42.9444444444, 73.4444444444,
camre,4,0,0,	42.7555555556, 83.2972222222,
filps,4,0,0,	42.7888888889, 75.575,
woons,4,0,0,	42.0083333333, 72.2055555556,
buykk,4,0,0,	42.4638888889, 82.3694444444,
razim,4,0,0,	42.2111111111, 84.7,
cruxx,4,0,0,	42.3194444444, 85.2305555556,
kress,4,0,0,	43.2305555556, 83.1916666667,
beege,4,0,0,	42.5416666667, 71.7694444444,
plymm,4,0,0,	43.075, 71.4416666667,
rimba,4,0,0,	42.3361111111, 75.4111111111,
talco,4,0,0,	43.3277777778, 74.8694444444,
wings,4,0,0,	43.525, 83.3166666667,
wigan,4,0,0,	42.2583333333, 75.2972222222,
cobol,4,0,0,	42.45, 73.2722222222,
dwite,4,0,0,	42.2, 76.4194444444,
graym,4,0,0,	42.2194444444, 73.5027777778,
bowan,4,0,0,	42.7416666667, 74.3222222222,
cyper,4,0,0,	43, 74.975,
gloze,4,0,0,	43.05, 83.6416666667,
mobbs,4,0,0,	42.9722222222, 74.2666666667,
jekel,4,0,0,	43.1944444444, 72.6861111111,
sasha,4,0,0,	43.7472222222, 74.6722222222,
tomes,4,0,0,	43.3333333333, 72.9972222222,
talem,4,0,0,	43.5138888889, 124.019444444,
snipe,4,0,0,	43.7972222222, 80.6666666667,
jacks,4,0,0,	43.7361111111, 115.644444444,
peter,4,0,0,	42.725, 75.9111111111,
molds,4,0,0,	43.0611111111, 73.4194444444,
dolfn,4,0,0,	43.525, 82,
tuson,4,0,0,	43.6638888889, 75.3,
agnez,4,0,0,	43.125, 74.7083333333,
coppo,4,0,0,	43.5, 124.197222222,
acove,4,0,0,	42.3777777778, 75.5333333333,
handy,4,0,0,	42.425, 123.613888889,
athos,4,0,0,	43.6083333333, 75.0111111111,
saman,4,0,0,	43.4472222222, 115.147222222,
gasse,4,0,0,	43.5333333333, 72.3361111111,
ponee,4,0,0,	42.5611111111, 73.7861111111,
pappi,4,0,0,	42.7305555556, 88.3222222222,
roget,4,0,0,	43.2361111111, 114.636111111,
kodey,4,0,0,	43.5861111111, 75.8944444444,
witkr,4,0,0,	42.6027777778, 84.6694444444,
kubbs,4,0,0,	43.8416666667, 87.7083333333,
wylyy,4,0,0,	42.3833333333, 71.1666666667,
story,4,0,0,	43.2722222222, 87.9111111111,
pivot,4,0,0,	42.7166666667, 88.675,
woden,4,0,0,	42.9666666667, 115.769444444,
garve,4,0,0,	43.9777777778, 72.3611111111,
dreem,4,0,0,	43.5361111111, 72.6805555556,
peeps,4,0,0,	43.5833333333, 87.575,
hadar,4,0,0,	43.8694444444, 82.4972222222,
lanks,4,0,0,	43.9138888889, 123.85,
traml,4,0,0,	43.9555555556, 84.0805555556,
krena,4,0,0,	43.1888888889, 90.0972222222,
coddi,4,0,0,	43.8166666667, 75.6083333333,
armun,4,0,0,	43.2361111111, 71.55,
doggs,4,0,0,	43.4805555556, 82.5222222222,
vernr,4,0,0,	42.7138888889, 83.6777777778,
tadds,4,0,0,	42.8611111111, 87.6666666667,
murth,4,0,0,	43.1666666667, 114.361111111,
teddy,4,0,0,	42.7138888889, 89.9305555556,
gnats,4,0,0,	42.9861111111, 123.725,
brute,4,0,0,	43.4, 123.361111111,
dunks,4,0,0,	43.4916666667, 85.275,
lessy,4,0,0,	42.7916666667, 84.6388888889,
claud,4,0,0,	42.9055555556, 87.4444444444,
rikke,4,0,0,	43.0416666667, 83.4472222222,
rever,4,0,0,	43.1944444444, 72.0972222222,
posie,4,0,0,	43.2194444444, 85.6833333333,
bejae,4,0,0,	43.9861111111, 85.9666666667,
hebel,4,0,0,	42.8916666667, 86.3916666667,
bullz,4,0,0,	43.2055555556, 89.2277777778,
osego,4,0,0,	43.2972222222, 87.0055555556,
merli,4,0,0,	43.7083333333, 123.622222222,
snako,4,0,0,	42.9861111111, 116.138888889,
lobby,4,0,0,	42.9305555556, 72.5444444444,
spica,4,0,0,	43.3583333333, 83.8138888889,
bronc,4,0,0,	43.9972222222, 72.3166666667,
group,4,0,0,	43.9416666667, 74.4472222222,
martn,4,0,0,	44.0055555556, 73.6472222222,
hegel,4,0,0,	44.125, 83.0638888889,
scupp,4,0,0,	42.9055555556, 71.5888888889,
chomp,4,0,0,	43.2472222222, 107.611111111,
wolis,4,0,0,	43.675, 82.8027777778,
parky,4,0,0,	42.9, 84.8527777778,
catus,4,0,0,	43.3972222222, 71.2194444444,
jaybe,4,0,0,	43.725, 89.1805555556,
ptaki,4,0,0,	42.6611111111, 76.7333333333,
extol,4,0,0,	43.4194444444, 76.7833333333,
haste,4,0,0,	43.0944444444, 85.2416666667,
trudo,4,0,0,	42.7527777778, 88.7277777778,
scubi,4,0,0,	43.0388888889, 84.8777777778,
cuttr,4,0,0,	43.275, 123.902777778,
veena,4,0,0,	43.1888888889, 88.6861111111,
sprtn,4,0,0,	43.5611111111, 84.3833333333,
qubee,4,0,0,	43.7361111111, 84.3611111111,
drews,4,0,0,	43.9555555556, 123.480555556,
jarvs,4,0,0,	43.35, 81.0694444444,
mytch,4,0,0,	43.4333333333, 90.0194444444,
moawk,4,0,0,	42.7833333333, 81.4444444444,
fingl,4,0,0,	43.4111111111, 81.8972222222,
brokn,4,0,0,	43.7916666667, 124.430555556,
koler,4,0,0,	42.9055555556, 124.341666667,
alcos,4,0,0,	43.5277777778, 107.55,
bribe,4,0,0,	44.2861111111, 90.6361111111,
dewit,4,0,0,	42.9333333333, 86.1416666667,
aspen,4,0,0,	44.3972222222, 72.05,
mypal,4,0,0,	44.3944444444, 80.0805555556,
polar,4,0,0,	43.2416666667, 83.9444444444,
jibor,4,0,0,	43.5472222222, 91.0027777778,
wella,4,0,0,	43.2888888889, 80.1416666667,
larva,4,0,0,	44.425, 90.7138888889,
vikng,4,0,0,	44.55, 92.525,
bugge,4,0,0,	43.9055555556, 83.9944444444,
mourn,4,0,0,	43.8138888889, 123.783333333,
owoso,4,0,0,	44.1805555556, 85.6527777778,
suzyq,4,0,0,	44.4722222222, 92.9416666667,
luggs,4,0,0,	43.5166666667, 85.4055555556,
ledge,4,0,0,	44.625, 124.2,
cutty,4,0,0,	43.5138888889, 86.075,
ayejo,4,0,0,	43.1138888889, 84.9527777778,
palow,4,0,0,	43.6111111111, 86.4083333333,
giber,4,0,0,	43.6083333333, 85.7861111111,
bittr,4,0,0,	43.6166666667, 87.0527777778,
clock,4,0,0,	44.3694444444, 86.8638888889,
jamma,4,0,0,	43.5972222222, 72.8777777778,
deroy,4,0,0,	43.9888888889, 124.783333333,
unker,4,0,0,	44.8666666667, 73.3583333333,
bauer,4,0,0,	43.775, 73.8722222222,
scoty,4,0,0,	44.8055555556, 125.263888889,
jonsn,4,0,0,	44.9583333333, 86.275,
rares,4,0,0,	44.6722222222, 124.630555556,
gamma,4,0,0,	45.2111111111, 124.594444444,
pecok,4,0,0,	44.7805555556, 86.1472222222,
moxee,4,0,0,	45.7527777778, 123.086111111,
krspy,4,0,0,	45.5944444444, 91.3722222222,
portl,4,0,0,	44.6805555556, 123.722222222,
sketr,4,0,0,	46.2805555556, 94.7694444444,
shonn,4,0,0,	46.1194444444, 95.5027777778,
futon,4,0,0,	45.2944444444, 94.5222222222,
pakkr,4,0,0,	46.1916666667, 90.3388888889,
zaske,4,0,0,	45.4833333333, 94.2916666667,
andde,4,0,0,	45.8944444444, 93.0611111111,
larno,4,0,0,	46.3527777778, 120.569444444,
wolvs,4,0,0,	46.5333333333, 93.8472222222,
hermi,4,0,0,	45.0166666667, 93.5027777778,
vykes,4,0,0,	45.3777777778, 94.7222222222,
twinz,4,0,0,	46.5777777778, 92.8722222222,
wylee,4,0,0,	46.6972222222, 123.644444444,
snine,4,0,0,	45.975, 93.6583333333,
flowr,4,0,0,	46.8194444444, 123.6,
geeze,4,0,0,	46.6277777778, 92.1611111111,
canby,4,0,0,	46.3555555556, 124.238888889,
saugr,4,0,0,	46.8444444444, 94.9166666667,
ocity,4,0,0,	46.9416666667, 123.544444444,
dufur,4,0,0,	46.6166666667, 121.572222222,
plugs,4,0,0,	46.2111111111, 94.1638888889,
rainr,4,0,0,	45.9527777778, 121.908333333,
bonvl,4,0,0,	46.8333333333, 122.297222222,
ollee,4,0,0,	45.7527777778, 95.0527777778,
arnit,4,0,0,	45.6138888889, 121.330555556,
reedi,4,0,0,	46.7555555556, 123.158333333,
scapo,4,0,0,	45.9694444444, 124.188888889,
gollf,4,0,0,	46.1138888889, 95.2944444444,
cordo,4,0,0,	46.5833333333, 120.416666667,
roark,4,0,0,	47.0972222222, 124.186111111,
menar,4,0,0,	46.7277777778, 112.138888889,
kalma,4,0,0,	47.2166666667, 123.686111111,
couga,4,0,0,	46.95, 123.738888889,
ample,4,0,0,	46.2972222222, 120.052777778,
wennr,4,0,0,	47.35, 96.7194444444,
helns,4,0,0,	46.9472222222, 123.261111111,
conns,4,0,0,	46.4555555556, 112.611111111,
clova,4,0,0,	47.1944444444, 118.375,
suned,4,0,0,	47.4388888889, 120.955555556,
bryan,4,0,0,	46.5361111111, 121.638888889,
potor,4,0,0,	47.3638888889, 118.486111111,
hitch,4,0,0,	46.8638888889, 121.686111111,
simco,4,0,0,	47.75, 120.916666667,
malay,4,0,0,	47.0277777778, 123.844444444,
papps,4,0,0,	46.875, 120.983333333,
swedd,4,0,0,	48.0583333333, 112.691666667,
marrk,4,0,0,	47.6388888889, 121.594444444,
stakk,4,0,0,	46.5583333333, 111.652777778,
gromo,4,0,0,	47.1694444444, 121.85,
tampo,4,0,0,	47.3555555556, 122.388888889,
victo,4,0,0,	47.7, 115.638888889,
wenas,4,0,0,	46.825, 121.738888889,
wauts,4,0,0,	47.775, 111.913888889,
summa,4,0,0,	46.7361111111, 122.483333333,
gleed,4,0,0,	47.9638888889, 120.866666667,
tonno,4,0,0,	47.9861111111, 124.227777778,
selah,4,0,0,	46.7833333333, 122.186111111,
titon,4,0,0,	47.9083333333, 121.583333333,
chins,4,0,0,	47.9527777778, 121.166666667,
rival,4,0,0,	47.9888888889, 115.388888889,
siebe,4,0,0,	47.0277777778, 112.280555556,
febus,4,0,0,	48.5166666667, 120.25,
pertt,4,0,0,	48.0666666667, 121.15,
rubel,4,0,0,	48.475, 120.077777778,
raddy,4,0,0,	47.8472222222, 123.116666667,
snomy,4,0,0,	48.275, 122.955555556,
odess,4,0,0,	47.4888888889, 118.719444444,
arlee,4,0,0,	47.8944444444, 115.725,
elmaa,4,0,0,	48.6027777778, 124.361111111,
puget,4,0,0,	48.7555555556, 122.863888889,
humpp,4,0,0,	48.1416666667, 122.813888889,
arvad,4,0,0,	47.8138888889, 124,
waken,4,0,0,	48.6888888889, 124.430555556,
fourt,4,0,0,	48.725, 122.563888889,
blako,4,0,0,	48.3138888889, 122.208333333,
aubrn,4,0,0,	48.5305555556, 123.397222222,
jessy,4,0,0,	48.1027777778, 114.166666667,
bluit,4,0,0,	47.9944444444, 120.569444444,
emden,4,0,0,	48.8777777778, 123.808333333,
charl,4,0,0,	48.0416666667, 114.741666667,
hethr,4,0,0,	48.4555555556, 123.294444444,
alkia,4,0,0,	48.0527777778, 123.219444444,
skott,4,0,0,	49.2027777778, 114.808333333,
templ,4,0,0,	49.0388888889, 119.586111111,
ktsap,4,0,0,	48.5944444444, 123.983333333,
flaak,4,0,0,	48.7222222222, 123.011111111,
witro,4,0,0,	49.1472222222, 120.463888889,
swauk,4,0,0,	48.9388888889, 122.319444444,
lofal,4,0,0,	48.0055555556, 124.052777778,
glasr,4,0,0,	48.2805555556, 122.130555556,
arrie,4,0,0,	49.1861111111, 124.375,
jaksn,4,0,0,	48.1944444444, 122.069444444,
diggn,4,0,0,	48.0638888889, 123.291666667,
angil,4,0,0,	49.4083333333, 114.938888889,
jawbn,4,0,0,	49.5222222222, 123.827777778,
kruzr,4,0,0,	49.1472222222, 121.697222222,
wattr,4,0,0,	48.7361111111, 123.719444444,
twisp,4,0,0,	48.5111111111, 120.525,
disco,4,0,0,	49.2972222222, 123.830555556,
islnd,4,0,0,	48.9555555556, 124.25,
chatm,4,0,0,	48.9638888889, 124.669444444,
idney,4,0,0,	49.6444444444, 124.022222222,
onset,4,0,0,	49.7222222222, 119.638888889,
silvr,4,0,0,	50.175, 118.166666667,
barlo,4,0,0,	59.3972222222, 135.6,
lynns,4,0,0,	59.4805555556, 136.311111111,
cushi,4,0,0,	59.6166666667, 135.961111111,
asort,4,0,0,	59.6194444444, 136.238888889,
shuya,4,0,0,	59.0361111111, 152.569444444,
bergs,4,0,0,	58.7805555556, 137.027777778,
fakes,4,0,0,	60.5388888889, 138.580555556,
tommy,4,0,0,	59.5138888889, 155.961111111,
mallt,4,0,0,	60.4805555556, 153.605555556,
augey,4,0,0,	60.7166666667, 153.033333333,
olson,4,0,0,	59.6166666667, 152.183333333,
ringo,4,0,0,	61.3527777778, 154.944444444,
tucks,4,0,0,	60.85, 153.538888889,
carbu,4,0,0,	61.0166666667, 155.188888889,
nonda,4,0,0,	60.7388888889, 155.380555556,
casel,4,0,0,	61.6638888889, 145.975,
eyaks,4,0,0,	61.1722222222, 147.069444444,
naked,4,0,0,	61.5527777778, 148.552777778,
nearr,4,0,0,	61.8472222222, 153.438888889,
bluga,4,0,0,	61.3694444444, 152.108333333,
bligh,4,0,0,	62.225, 148.563888889,
amott,4,0,0,	62.4333333333, 152.627777778,
yeska,4,0,0,	61.0138888889, 149.4,
tazli,4,0,0,	62.3972222222, 149.688888889,
ellam,4,0,0,	61.7138888889, 149.791666667,
tager,4,0,0,	62.2916666667, 151.483333333,
klart,4,0,0,	62.9, 151.675,
pampr,4,0,0,	63.3833333333, 152.352777778,
migan,4,0,0,	62.9305555556, 153.747222222,
winor,4,0,0,	63.025, 155.169444444,
mknly,4,0,0,	63.8527777778, 151.283333333,
erlan,4,0,0,	62.9972222222, 155.277777778,
dnali,4,0,0,	63.675, 151.905555556,
akumy,4,0,0,	68.6305555556, 154.180555556,
musde,4,0,0,	68.3333333333, 152.011111111,
fiiat,4,0,0,	69.1555555556, 152.805555556,
inton,4,0,0,	69.4472222222, 152.3,
welke,4,0,0,	69.3083333333, 152.436111111,
