abb,1,0,112.4,38.588825,85.635996,
abi,1,0,113.7,32.481373,99.863453,
abq,1,0,113.2,35.043796,106.816312,
abr,1,0,113.0,45.417388,98.368733,
ach,1,0,117.8,35.111706,105.039929,
ack,1,0,116.2,41.281845,70.026681,
aco,1,0,114.4,41.107890,81.201546,
act,1,0,115.3,31.662330,97.269036,
acv,6,0,110.2,40.981431,124.108315,
acy,1,0,108.6,39.455867,74.576322,
adh,6,0,117.8,34.802556,96.670083,
adm,1,0,116.7,34.211569,97.168324,
adn,1,0,115.4,25.865000,100.238611,
adw,1,0,113.1,38.807225,76.866249,
ael,6,0,109.8,43.683291,93.369099,
aex,1,0,116.1,31.256628,92.500694,
agc,1,0,110.0,40.278653,80.040858,
ahc,6,0,109.0,40.267864,120.151953,
ahn,1,0,109.6,33.947587,83.324767,
aia,1,0,111.8,42.055639,102.804444,
air,1,0,117.1,40.017017,80.817254,
akn,1,0,112.8,58.724690,156.752111,
ako,1,0,114.4,40.155577,103.179740,
alb,1,0,115.3,42.747272,73.803194,
ald,1,0,116.7,33.012490,81.292218,
ali,1,0,114.5,27.739777,98.021307,
alo,1,0,112.2,42.556484,92.398936,
als,1,0,113.9,37.349159,105.815535,
alw,1,0,116.4,46.086970,118.292546,
ama,1,0,117.2,35.287523,101.639316,
amg,1,0,115.1,31.536529,82.508078,
aml,1,0,113.5,38.934583,77.466711,
anc,1,0,114.3,61.150810,150.206582,
ann,1,0,117.1,55.060409,131.578399,
anu,1,0,114.5,17.126667,61.798056,
anw,1,0,112.7,42.569111,99.989680,
anx,1,0,114.0,39.095424,94.128835,
any,1,0,112.9,37.158911,98.170733,
aoh,6,0,108.4,40.707107,83.968137,
aoo,6,0,108.8,40.325437,78.303707,
ape,1,0,116.7,40.151091,82.588303,
apn,1,0,108.8,45.082790,83.557008,
aqn,1,0,110.6,32.434584,97.663914,
ard,1,0,108.2,40.253350,74.907577,
arg,1,0,114.5,36.109997,90.953670,
art,1,0,109.8,43.952032,76.064620,
asp,1,0,116.1,44.449133,83.394294,
ast,1,0,114.0,46.161689,123.880365,
asx,6,0,110.2,46.549417,90.917244,
atl,1,0,116.9,33.629075,84.435070,
atr,1,0,112.6,38.809813,75.211326,
aty,1,0,116.6,44.979714,97.141741,
aug,1,0,111.4,44.320028,69.796556,
aus,1,0,117.1,30.297541,97.703338,
auw,1,0,111.6,44.846802,89.586593,
ave,1,0,117.1,35.646976,119.978606,
awk,1,0,113.5,19.285031,-166.627533,
axn,1,0,112.8,45.958352,95.232616,
ayr,1,0,115.5,18.224722,77.508333,
ays,1,0,110.2,31.269433,82.556445,
azo,1,0,109.0,42.236986,85.553170,
azq,1,0,111.2,37.391283,83.263025,
bae,1,0,116.4,43.116869,88.284372,
baf,1,0,113.0,42.161953,72.716204,
bal,1,0,115.1,39.171052,76.661246,
bam,1,0,112.2,40.569151,116.922262,
bax,6,0,108.2,43.782793,82.983832,
bce,1,0,112.8,37.689203,112.303888,
bda,1,0,113.9,32.364369,64.689582,
bde,1,0,111.6,48.722779,94.607291,
bdf,1,0,114.7,41.159731,89.587873,
bdl,6,0,109.0,41.941003,72.688592,
bdr,1,0,108.8,41.160706,73.124492,
bdt,1,0,114.9,9.338056,82.250833,
bet,1,0,114.1,60.784831,161.824297,
bfd,1,0,116.6,41.786396,78.619359,
bff,1,0,112.6,41.894159,103.482022,
bfm,1,0,112.8,30.612720,88.055498,
bfv,1,0,110.0,35.236941,99.206164,
bgd,1,0,108.6,35.807068,101.382137,
bgi,1,0,112.7,13.072500,59.485556,
bgq,1,0,112.5,61.569454,149.967144,
bgr,1,0,114.8,44.841792,68.873954,
bgs,1,0,114.3,32.385588,101.483683,
bib,1,0,109.0,38.920345,88.481806,
bie,6,0,110.6,40.301417,96.754637,
big,1,0,114.9,64.004382,145.717154,
bih,6,0,109.6,37.376929,118.366498,
bil,1,0,114.5,45.808535,108.624584,
bis,1,0,116.5,46.761771,100.665401,
bjb,6,0,109.8,43.421944,88.125371,
bjc,1,0,115.4,39.913041,105.138988,
bji,1,0,108.6,47.575870,95.024754,
bka,1,0,113.8,56.859409,135.551312,
bke,1,0,115.3,44.840594,117.807857,
bkw,1,0,117.7,37.780310,81.123459,
bkx,6,0,108.8,44.303246,96.815110,
bld,1,0,116.7,35.995785,114.863570,
blf,1,0,110.0,37.306449,81.194261,
blh,1,0,117.4,33.596052,114.761184,
bli,1,0,113.0,48.945280,122.579225,
bmi,1,0,108.2,40.480813,88.931241,
bml,6,0,110.4,44.633414,71.186134,
bna,1,0,114.1,36.136972,86.684778,
boi,1,0,113.3,43.552806,116.192143,
bos,1,0,112.7,42.357459,70.989549,
boy,1,0,117.8,43.463152,108.299712,
bpi,1,0,116.5,42.579444,110.109222,
bpr,1,0,116.5,33.237781,97.766395,
bpt,1,0,114.5,29.946047,94.016202,
bqm,6,0,112.2,38.230209,85.664739,
bqn,1,0,113.5,18.497998,67.108236,
bqs,1,0,111.2,39.630556,93.875278,
bqu,1,0,114.5,40.759676,115.761375,
bqz,1,0,112.2,40.463750,106.872306,
brd,1,0,116.9,46.348269,94.026015,
brk,1,0,112.5,38.944521,104.633472,
brl,1,0,111.4,40.723401,90.925889,
bro,1,0,116.3,25.924053,97.375507,
brv,1,0,114.5,38.336265,77.352787,
brw,1,0,116.2,71.273415,156.788085,
bsr,1,0,114.0,36.181296,121.642112,
bsv,1,0,112.4,40.740673,81.432137,
btg,1,0,116.6,45.747807,122.591532,
btl,6,0,109.4,42.309806,85.252333,
btr,1,0,116.5,30.485135,91.294081,
btt,1,0,116.0,66.905009,151.535889,
btv,1,0,117.5,44.397106,73.182626,
bty,1,0,114.7,36.800584,116.747647,
bua,6,0,109.4,45.552200,103.456371,
bud,6,0,109.8,40.616448,83.063522,
buf,1,0,116.4,42.929003,78.646333,
buj,1,0,114.9,33.283252,96.365009,
bum,1,0,115.9,38.272106,94.488231,
buu,6,0,114.5,42.689322,88.301814,
bvl,1,0,112.3,40.726098,113.757417,
bvo,1,0,117.9,36.834248,96.018318,
bvr,1,0,113.5,39.765833,103.928044,
bvt,1,0,115.1,40.556119,87.069320,
bwd,1,0,108.6,31.892588,98.957463,
bwg,1,0,117.9,36.928736,86.443436,
bws,1,0,109.6,32.821255,106.013153,
bwz,1,0,114.2,40.798433,74.821832,
bxk,1,0,110.6,33.453456,112.824592,
bxz,6,0,113.2,44.242658,84.183472,
byi,1,0,114.1,42.580243,113.865854,
byp,1,0,114.6,33.537486,96.234094,
bza,1,0,116.8,32.768129,114.602840,
bzm,1,0,110.8,35.868854,81.240529,
bzn,1,0,112.2,45.783901,111.155451,
cae,1,0,114.7,33.857237,81.053844,
cam,1,0,115.0,42.994300,73.344000,
cap,1,0,112.7,39.892161,89.625435,
caq,6,0,114.9,32.344943,86.991544,
cbc,1,0,113.5,10.576944,66.048056,
cbm,6,0,115.2,33.641533,88.438568,
ccc,1,0,117.2,40.929626,72.798851,
ccr,6,0,117.0,38.044920,122.045213,
cct,1,0,109.8,37.382422,87.263704,
ccv,1,0,112.2,37.347539,75.997653,
cdb,1,0,112.6,55.267377,162.774239,
cdc,1,0,108.6,37.787330,113.068231,
cdo,1,0,114.7,18.433056,69.667222,
cdr,1,0,113.4,42.558771,103.312146,
cdr,1,0,117.1,24.166667,101.483333,
cds,1,0,117.6,34.369065,100.289032,
cec,1,0,109.0,41.779559,124.240859,
cef,1,0,114.0,42.197537,72.526309,
cen,1,0,115.1,27.400000,109.833333,
cew,1,0,115.9,30.826186,86.679149,
cez,1,0,108.4,37.389854,108.561759,
cfb,1,0,112.2,42.157491,76.136483,
cgg,6,0,109.8,44.681618,84.728946,
cgi,1,0,112.9,37.227528,89.572389,
cgt,1,0,114.2,41.509979,87.571403,
che,1,0,115.6,40.520084,107.304893,
chs,1,0,113.5,32.894313,80.037811,
cic,6,0,109.8,39.789827,121.847201,
cid,1,0,114.1,41.887532,91.785707,
cie,1,0,115.8,32.033389,109.758203,
cim,1,0,116.4,36.491397,104.872000,
cip,1,0,112.9,41.146257,79.457989,
cjs,6,0,116.7,31.636111,106.425833,
ckb,1,0,112.6,39.253229,80.267893,
ckh,1,0,113.9,21.265112,157.702981,
ckv,6,0,110.6,36.621992,87.412648,
ckw,1,0,115.0,41.755709,107.581982,
ckz,6,0,108.8,40.390909,75.288768,
cll,1,0,113.3,30.604978,96.420603,
clt,1,0,115.0,35.190281,80.951740,
cma,1,0,115.8,34.212505,119.094354,
cme,1,0,116.1,33.337489,104.621249,
cmi,1,0,110.0,40.034532,88.276058,
cmk,1,0,116.6,41.280067,73.581349,
cmx,1,0,112.8,47.170261,88.485386,
cng,1,0,113.1,37.008625,88.836914,
cnm,1,0,116.3,32.256619,104.226055,
cnu,1,0,109.2,37.626132,95.593454,
cnx,1,0,115.5,34.367015,105.678005,
cod,1,0,111.8,44.620425,108.964721,
coe,6,0,108.8,47.773682,116.820610,
col,1,0,115.4,40.311659,74.159767,
con,1,0,112.9,43.219775,71.575462,
cot,1,0,115.8,28.461878,99.118558,
cou,1,0,110.2,38.810823,92.218274,
coy,1,0,108.2,17.734444,64.700722,
cpn,1,0,111.6,46.032000,112.747528,
cqy,1,0,114.8,32.185722,96.218103,
cre,1,0,117.6,33.813839,78.724518,
crg,1,0,114.5,30.338861,81.509950,
cri,6,0,112.3,40.612472,73.894444,
crl,1,0,115.7,42.048071,83.457628,
cro,1,0,117.3,11.414444,69.692222,
cro,1,0,114.3,17.931389,71.649444,
crp,1,0,115.5,27.903766,97.444881,
csg,1,0,117.1,32.615276,85.017628,
csi,1,0,117.5,29.922333,99.214500,
csn,1,0,116.3,38.641231,77.865522,
csx,1,0,116.5,38.752722,90.360889,
ctb,1,0,114.4,48.564927,112.343244,
ctf,1,0,108.2,34.650460,80.274927,
ctr,1,0,115.1,42.291319,72.949394,
ctw,1,0,111.8,40.229209,81.476477,
cty,1,0,112.0,29.599027,83.048719,
cul,1,0,112.1,24.783333,107.466667,
cun,1,0,113.4,21.021667,86.864722,
cus,1,0,111.2,31.819095,107.574483,
cuu,1,0,114.1,28.808333,105.958333,
cuz,6,0,108.2,41.483977,99.689060,
cva,1,0,113.8,41.708420,90.483524,
cve,1,0,116.2,32.890306,96.903972,
cvg,1,0,117.3,39.015949,84.703446,
cvi,1,0,114.6,36.372914,76.871545,
cvo,1,0,115.4,44.499569,123.293669,
cvv,1,0,117.2,48.244694,122.724417,
cwk,1,0,112.8,30.378550,97.529847,
cxr,1,0,112.7,41.516913,81.163214,
cyn,1,0,113.4,39.817313,74.431621,
cys,1,0,113.1,41.210952,104.772912,
cyy,6,0,108.6,26.153426,81.778102,
czi,1,0,117.3,43.999715,106.435722,
czq,1,0,112.9,36.884310,119.815149,
dag,1,0,113.2,34.962457,116.578166,
dak,6,0,108.8,36.042886,94.197566,
dan,1,0,113.1,36.568889,79.336667,
das,1,0,116.9,30.189719,94.645021,
dav,1,0,114.3,8.384722,82.437778,
dbl,1,0,113.0,39.439345,106.894680,
dbn,1,0,113.1,32.560721,82.833196,
dbq,1,0,115.8,42.401472,90.709083,
dbs,1,0,116.9,44.088853,112.209343,
dca,1,0,111.0,38.859446,77.036421,
dcu,1,0,112.8,34.648314,86.939479,
ddc,1,0,108.2,37.850575,100.005633,
ddd,1,0,116.5,41.366389,91.149056,
ddl,6,0,108.6,43.212143,95.833905,
ddy,1,0,116.2,43.090856,106.277024,
dec,1,0,117.2,39.737508,88.856379,
del,1,0,113.5,28.216667,105.450000,
den,1,0,117.9,39.812500,104.660750,
dfw,1,0,117.0,32.865911,97.028059,
dgd,1,0,109.4,37.023469,92.876923,
dgo,1,0,112.2,24.133333,104.533333,
dgw,1,0,108.6,42.676079,105.226229,
dhp,1,0,113.9,25.799963,80.349036,
dht,1,0,112.0,36.091449,102.544667,
dik,1,0,112.9,46.859981,102.773513,
djb,1,0,113.6,41.358074,82.161957,
dkk,1,0,116.2,42.490558,79.274097,
dlf,1,0,114.4,29.360890,100.771713,
dlg,1,0,116.4,58.994224,158.552242,
dlh,1,0,112.6,46.802163,92.202857,
dll,1,0,117.0,43.550870,89.763596,
dln,1,0,113.0,45.248555,112.547139,
dmn,1,0,108.6,32.275921,107.605581,
dnj,1,0,116.2,44.767113,116.206271,
dnv,1,0,111.0,40.293786,87.557185,
dnw,1,0,113.4,43.828278,110.335474,
dny,1,0,112.1,42.178281,74.956941,
dpa,1,0,108.4,41.890361,88.350187,
dpk,1,0,117.7,40.791765,73.303673,
dpr,1,0,116.8,45.078175,101.715071,
dqn,1,0,114.5,40.016418,84.396871,
dqo,1,0,114.0,39.678140,75.607093,
drk,1,0,114.1,34.702579,112.480252,
dro,1,0,108.2,37.153253,107.749618,
dru,1,0,117.1,46.636096,113.186593,
dsd,1,0,117.6,44.252778,121.303528,
dsm,1,0,117.5,41.437578,93.648578,
dta,1,0,116.1,39.302323,112.505561,
dtl,6,0,111.2,46.825514,95.881993,
dtn,6,0,108.6,32.539873,93.741318,
duc,1,0,111.0,34.384474,97.916812,
dug,1,0,108.8,31.472682,109.602069,
dvc,1,0,114.6,37.808740,108.931274,
dvl,1,0,111.0,48.115226,98.912519,
dvv,1,0,114.7,39.894694,104.624333,
dwn,1,0,109.0,45.087463,94.453850,
dxo,1,0,113.4,42.213139,83.366667,
dyr,1,0,116.8,36.018627,89.317599,
ear,1,0,111.2,40.725596,99.005113,
eat,1,0,111.0,47.399683,120.210816,
eau,1,0,112.9,44.897655,91.478549,
eca,1,0,116.0,37.833593,121.171413,
ecb,1,0,110.4,38.158363,82.910055,
ecg,1,0,112.5,36.257574,76.175626,
eck,1,0,114.0,43.255886,82.717929,
ecs,1,0,108.2,43.881173,104.307806,
edn,6,0,116.6,31.296004,85.903272,
eds,6,0,111.4,33.455710,80.858426,
edw,1,0,116.4,34.982354,117.732584,
eed,1,0,115.2,34.766004,114.474104,
een,1,0,109.4,42.794278,72.291778,
ehf,1,0,115.4,35.484568,119.097297,
eic,1,0,117.4,32.771365,93.809929,
ekn,1,0,114.2,38.914436,80.099272,
ekr,1,0,115.2,40.067473,107.924880,
ela,1,0,116.4,29.662737,96.316882,
eld,1,0,115.5,33.256156,92.743938,
eln,1,0,117.9,47.024376,120.458457,
elo,1,0,109.6,47.821852,91.830147,
elp,1,0,115.2,31.815914,106.281899,
elw,1,0,108.6,34.419188,82.784692,
elx,1,0,116.6,42.144402,86.122629,
ely,1,0,110.6,39.298133,114.848295,
elz,1,0,111.4,42.089651,77.999559,
emd,6,0,111.0,42.110931,92.910144,
emg,1,0,111.2,32.400154,93.595148,
emi,1,0,117.9,39.495018,76.978536,
emp,1,0,112.8,38.291156,96.138078,
ena,1,0,117.6,60.614737,151.195259,
ene,1,0,117.1,43.425695,70.613526,
eni,1,0,112.3,39.053230,123.274202,
enl,1,0,115.0,38.420022,89.158990,
enm,1,0,117.8,62.783381,164.487713,
enn,1,0,115.8,64.590010,149.072871,
eno,1,0,111.4,39.231668,75.515924,
enw,6,0,109.2,42.599083,87.931667,
eon,1,0,113.2,41.269638,87.791053,
eos,1,0,117.3,36.842428,94.435691,
eph,1,0,112.6,47.377919,119.424004,
eri,1,0,109.4,42.017417,80.292703,
ery,6,0,108.2,46.312777,85.464274,
esc,1,0,110.8,45.722635,87.089606,
esf,1,0,117.9,31.447512,92.321940,
esl,1,0,110.8,39.225493,78.989500,
est,6,0,110.4,43.409124,94.744428,
etg,1,0,116.0,41.214950,78.142756,
etl,1,0,110.2,38.040252,108.258574,
etx,1,0,110.2,40.580984,75.683968,
euf,1,0,109.2,31.950242,85.130543,
eug,1,0,112.9,44.120889,123.222833,
evm,6,0,108.2,47.424373,92.501852,
evw,6,0,110.0,41.274945,111.025879,
ewa,1,0,113.8,32.366808,88.458368,
ewc,1,0,115.8,40.825203,80.211561,
ewm,1,0,112.4,31.951743,106.272399,
ewn,1,0,113.6,35.073131,77.045059,
ewo,1,0,110.8,37.631811,85.675877,
eyw,1,0,113.5,24.585785,81.800509,
fah,1,0,110.0,43.768772,87.848756,
fai,1,0,108.2,64.800063,148.011977,
fak,1,0,113.3,37.528509,77.828219,
fam,1,0,115.7,37.673441,90.234035,
far,1,0,116.2,46.753382,96.851334,
fay,1,0,108.8,34.985554,78.875053,
fbg,6,0,109.8,35.133191,78.916609,
fbr,1,0,108.6,41.378450,110.424077,
fca,1,0,113.2,48.214127,114.175873,
fcm,1,0,111.8,44.825713,93.456757,
fcs,6,0,108.8,38.680663,104.756918,
fdk,6,0,109.0,39.412241,77.375151,
fdy,1,0,108.2,40.955331,83.756018,
ffm,6,0,110.4,46.289265,96.156699,
ffo,6,0,115.2,39.818198,84.054561,
fft,6,0,109.4,38.182375,84.908651,
ffu,1,0,116.6,40.274895,111.940519,
fgt,1,0,115.7,44.630937,93.182079,
fhu,6,0,111.6,31.590510,110.342773,
fim,1,0,112.5,34.356694,118.881291,
fjc,1,0,117.5,40.726694,75.454750,
fjs,1,0,109.6,41.449669,122.806448,
fkl,1,0,109.6,41.438611,79.856778,
fkn,1,0,110.6,36.714233,77.012296,
flg,1,0,108.2,35.147222,111.674139,
fll,1,0,114.4,26.074737,80.152472,
flm,1,0,117.0,38.649488,84.310630,
flo,1,0,115.2,34.232934,79.657114,
flp,1,0,112.8,36.299650,92.458383,
flw,1,0,117.5,35.093084,119.865579,
fmg,1,0,117.9,39.531273,119.656074,
fml,1,0,112.4,34.989092,80.954798,
fmn,1,0,115.3,36.748393,108.098899,
fnt,1,0,116.9,42.966055,83.741095,
fod,1,0,113.5,42.611167,94.294833,
fof,1,0,117.5,14.587778,61.004722,
fot,1,0,114.0,40.671266,124.234531,
fow,6,0,111.2,44.204408,93.370496,
fqf,1,0,116.3,39.690139,104.620972,
fqm,1,0,114.4,41.338556,76.774861,
fra,1,0,115.6,37.104421,119.595446,
fri,6,0,109.4,38.970228,96.861018,
frm,1,0,110.2,43.645972,94.422556,
fsd,1,0,115.0,43.649530,96.781163,
fsm,1,0,110.4,35.388340,94.271460,
fst,1,0,116.9,30.952097,102.975714,
ftd,1,0,109.0,9.361111,79.865833,
ftk,6,0,109.6,37.907403,85.972880,
ftz,1,0,110.8,38.694495,90.971251,
fuz,1,0,115.7,32.889450,97.179428,
fwa,1,0,117.8,40.979075,85.188054,
fxu,6,0,108.4,31.111631,93.217913,
fyu,1,0,114.4,66.574268,145.276668,
fzt,1,0,111.4,32.074604,95.530791,
gad,1,0,112.3,33.976403,86.083557,
gag,1,0,115.6,36.343733,99.880122,
gal,1,0,114.8,64.738155,156.777146,
gbg,6,0,109.8,40.937343,90.434464,
gbn,1,0,116.6,32.956258,112.674272,
gcc,1,0,114.6,44.347759,105.543501,
gck,1,0,113.3,37.919067,100.725084,
gcn,1,0,113.1,35.960346,112.146058,
gcv,1,0,115.7,31.097960,88.486129,
gdm,1,0,110.6,42.545949,72.058190,
gee,1,0,108.2,42.834396,77.732751,
gef,1,0,109.0,30.551342,83.783133,
geg,1,0,115.5,47.564944,117.626889,
gep,1,0,117.3,45.145694,93.373194,
gfk,1,0,114.3,47.954844,97.185357,
gfl,1,0,110.2,43.341682,73.611755,
gfs,1,0,114.4,35.131145,115.176440,
ggg,1,0,112.3,32.417734,94.753128,
ggt,1,0,117.8,42.788956,75.826747,
ggw,1,0,113.9,48.215270,106.625462,
ghm,1,0,111.6,35.834011,87.451792,
gij,1,0,115.4,41.768603,86.318399,
gkn,1,0,115.6,62.152396,145.450265,
gld,1,0,115.1,39.387861,101.692306,
glh,1,0,110.2,33.523531,90.982938,
glj,6,0,111.0,34.952367,120.521473,
gll,1,0,114.2,40.503869,104.553013,
glr,1,0,109.2,45.012472,84.704278,
gmn,1,0,116.1,34.804029,118.861360,
gnl,1,0,108.8,31.581478,96.549083,
gnp,6,0,110.6,35.920903,95.968660,
gnv,1,0,116.2,29.572230,82.362607,
goj,1,0,111.8,35.951028,89.941083,
gpt,1,0,109.0,30.406836,89.076787,
gpz,1,0,111.4,47.163612,93.488549,
gqe,1,0,113.0,35.347030,90.478159,
gqo,1,0,115.8,34.961270,85.153369,
grb,1,0,115.5,44.555157,88.194853,
grd,1,0,115.5,34.251566,82.154149,
gri,1,0,112.0,40.984028,98.314778,
grk,6,0,111.8,31.032871,97.813769,
grr,1,0,116.0,42.786726,85.497074,
grv,1,0,112.3,39.635031,79.050528,
gsh,1,0,113.7,41.525187,86.027972,
gso,1,0,116.2,36.045694,79.976377,
gtf,1,0,115.1,47.449980,111.412165,
gth,1,0,114.5,33.778277,100.336196,
gtk,1,0,114.2,21.440278,71.134722,
gup,1,0,115.1,35.475999,108.872612,
gus,6,0,116.5,40.644887,86.151716,
gve,1,0,115.6,38.013556,78.152947,
gvo,1,0,113.8,34.531308,120.091084,
gxu,1,0,110.6,40.009558,74.596267,
gzg,1,0,110.2,36.825108,82.078992,
hab,1,0,110.4,34.195101,88.012534,
har,1,0,112.5,40.302240,77.069559,
hbr,1,0,111.8,34.866589,99.063383,
hbu,1,0,114.9,38.452102,107.039714,
hch,1,0,117.6,35.781013,84.978452,
hcm,1,0,108.8,37.448672,76.711375,
hct,1,0,117.7,40.454072,100.923568,
hdf,1,0,113.4,33.776408,117.185312,
hec,1,0,112.7,34.797029,116.462918,
hey,6,0,110.6,31.374143,85.652797,
hez,1,0,110.0,31.618193,91.299639,
hfd,1,0,114.9,41.641056,72.547639,
hgo,1,0,112.1,38.814995,103.626057,
hgr,1,0,109.8,39.697722,77.855722,
hia,1,0,113.7,45.861796,112.169597,
hib,1,0,110.8,47.301517,92.704078,
hic,1,0,117.6,43.574854,85.716162,
hlc,1,0,113.7,39.258747,100.225850,
hlg,1,0,112.2,40.259904,80.568600,
hli,1,0,112.4,34.770263,89.496496,
hln,1,0,117.7,46.606833,111.953472,
hlv,1,0,114.2,39.113541,92.128234,
hml,1,0,112.4,48.869180,97.117090,
hmo,1,0,112.8,29.096667,111.048889,
hmu,6,0,109.6,30.519417,90.417500,
hmv,1,0,114.6,36.437054,82.129573,
hnb,6,0,109.2,38.250331,86.956385,
hnk,1,0,116.8,42.063057,75.316284,
hnl,1,0,114.8,21.308309,157.930422,
hnn,1,0,115.9,38.754141,82.026151,
hnw,1,0,115.5,38.724694,120.749333,
hob,1,0,111.0,32.638232,103.269314,
hom,1,0,114.6,59.709503,151.456718,
hon,1,0,117.6,44.440067,98.311064,
hot,1,0,110.0,34.478589,93.090597,
hpb,1,0,115.2,61.514550,166.134515,
hpw,1,0,112.0,37.328870,77.115944,
hqm,1,0,117.7,46.947033,124.149285,
hrk,6,0,117.7,42.761944,87.814444,
hrl,1,0,113.2,26.291211,97.793273,
hro,1,0,112.5,36.318315,93.213276,
hrs,1,0,109.8,34.943004,83.915681,
hrv,1,0,114.1,29.850195,90.002984,
hsi,1,0,108.8,40.604541,98.429617,
hsl,1,0,117.4,65.706084,156.370656,
htl,6,0,111.6,44.358879,84.665719,
hto,1,0,113.6,40.919000,72.316694,
hub,1,0,117.6,29.650250,95.278944,
hul,1,0,116.1,46.039493,67.834150,
huo,1,0,116.1,41.409677,74.591605,
hup,1,0,115.0,31.568702,105.376319,
hut,1,0,116.8,37.996901,97.934136,
huw,1,0,111.6,36.871389,91.900000,
hve,1,0,115.9,38.416815,110.699733,
hvn,6,0,109.8,41.262319,72.885184,
hvq,1,0,117.4,38.349678,81.769905,
hvr,1,0,111.8,48.540470,109.769982,
hyk,1,0,112.6,37.966467,84.472437,
hyp,1,0,114.2,37.219364,120.400261,
hyr,1,0,113.4,46.019000,91.446389,
hys,1,0,110.4,38.847651,99.276768,
hzl,6,0,109.4,40.975083,76.125806,
hzn,1,0,114.1,39.516414,118.997688,
iah,1,0,116.6,29.956944,95.345714,
iai,1,0,115.7,19.654467,156.024797,
ict,1,0,113.8,37.745234,97.583825,
ida,1,0,109.0,43.519000,112.063917,
idu,1,0,110.2,29.956058,96.562194,
ifi,1,0,114.7,35.805266,98.003915,
ifm,6,0,112.5,31.428658,83.488857,
igb,1,0,116.2,33.485508,88.513599,
igm,1,0,108.8,35.260524,113.934087,
ign,1,0,117.6,41.665455,73.822300,
ihd,1,0,108.2,39.974242,79.358367,
iik,1,0,115.9,59.942820,164.034365,
iiu,1,0,114.8,38.103565,85.577484,
ijx,6,0,108.6,39.776436,90.238732,
ikk,1,0,111.6,41.074421,87.849791,
ila,1,0,114.4,39.071149,122.027244,
ilc,1,0,116.3,38.250193,114.394226,
ill,6,0,113.7,45.117528,95.090611,
ilm,1,0,117.0,34.351613,77.874374,
ilr,1,0,113.8,43.593123,118.955045,
imb,1,0,115.6,44.648392,119.711631,
imt,1,0,111.2,45.816039,88.112127,
ina,6,0,108.2,40.899278,117.812194,
ink,1,0,112.1,31.874763,103.243777,
inl,1,0,111.0,48.565798,93.405678,
inw,1,0,112.6,35.061602,110.795027,
iow,1,0,116.2,41.518958,91.613256,
ipl,1,0,115.9,32.748863,115.508578,
irk,1,0,114.6,40.134976,92.591721,
irq,1,0,113.9,33.707353,82.162064,
irw,1,0,114.1,35.358589,97.609234,
isd,1,0,112.8,43.487915,99.761393,
isn,1,0,116.3,48.253417,103.750667,
iso,1,0,109.6,35.370941,77.558330,
isq,1,0,110.4,45.976232,86.173398,
ith,1,0,111.8,42.495017,76.459717,
ito,1,0,116.9,19.721351,155.010954,
iwa,1,0,113.3,33.303167,111.651444,
iwd,1,0,108.8,46.532252,90.125841,
jac,1,0,108.4,43.608292,110.734653,
jan,1,0,112.6,32.507486,90.167594,
jay,6,0,108.2,43.576332,92.919656,
jbr,6,0,108.6,35.874907,90.588498,
jct,1,0,116.0,30.598018,99.817541,
jen,1,0,115.0,32.159589,97.877681,
jfk,1,0,115.9,40.632889,73.771389,
jfn,1,0,115.2,41.760166,80.748083,
jhw,1,0,114.7,42.188615,79.121265,
jks,1,0,109.4,35.598987,88.358877,
jli,1,0,114.0,33.140459,116.585935,
jms,1,0,114.5,46.932877,98.678768,
jnc,1,0,112.4,39.059566,108.792574,
joh,1,0,116.7,60.480952,146.599335,
jot,1,0,112.3,41.546391,88.318428,
jpu,1,0,108.6,39.441213,81.374785,
jst,1,0,113.0,40.316741,78.834161,
jvl,1,0,114.3,42.557985,89.105306,
jwj,1,0,109.4,42.111389,92.908889,
jxn,1,0,109.6,42.259230,84.458570,
jyu,1,0,113.6,32.344611,86.991269,
kin,1,0,115.9,17.973611,76.893889,
laa,1,0,116.9,38.197091,102.687584,
lal,1,0,116.0,27.986181,82.013885,
lan,1,0,110.8,42.717424,84.697734,
lap,1,0,112.3,24.083333,110.333333,
lar,1,0,117.6,41.337864,105.720937,
las,1,0,116.9,36.079694,115.159803,
law,1,0,109.4,34.496189,98.413080,
lax,1,0,113.6,33.933144,118.432006,
lbb,1,0,109.2,33.705056,101.914115,
lbf,1,0,117.4,41.048624,100.747158,
lbl,1,0,112.3,37.044398,100.971204,
lbt,6,0,110.0,34.610719,79.054755,
lbv,1,0,110.4,26.828185,81.391438,
lby,1,0,110.6,31.418643,89.337646,
lch,1,0,113.4,30.141514,93.105569,
lcu,1,0,113.6,41.362952,113.840619,
ldn,1,0,114.3,38.854392,78.205556,
leb,1,0,113.7,43.678889,72.216056,
lem,6,0,111.4,45.919750,102.103623,
lev,1,0,113.5,29.175229,90.104019,
lfd,1,0,111.2,42.062489,84.765133,
lfk,1,0,112.1,31.162355,94.716957,
lft,1,0,109.8,30.193812,91.992564,
lfv,1,0,114.7,42.017173,70.037270,
lga,1,0,113.1,40.783722,73.868611,
lgc,1,0,115.6,33.049095,85.206193,
lgu,6,0,109.8,41.844178,111.865390,
lho,1,0,112.9,41.792833,112.009833,
lhs,1,0,108.4,34.682973,118.576938,
lhy,1,0,110.8,41.475777,75.482628,
lib,1,0,113.0,35.811623,79.612597,
lih,1,0,113.5,21.965264,159.338123,
lin,1,0,114.8,38.074588,121.003858,
lit,1,0,113.9,34.677676,92.180508,
ljt,1,0,112.5,43.109761,88.037283,
lkt,1,0,113.5,45.021312,114.084237,
lkv,1,0,112.0,42.492849,120.507105,
lla,1,0,111.4,29.663225,92.373643,
llc,1,0,116.5,40.124909,118.577650,
llo,1,0,108.2,30.796341,98.787390,
lmm,1,0,115.5,25.665000,109.065000,
lmn,1,0,116.7,40.596746,93.967595,
lmt,1,0,115.9,42.153147,121.727528,
lnk,1,0,116.1,40.923780,96.742016,
lnn,6,0,110.2,41.684375,81.389531,
lnr,1,0,112.8,43.294371,90.133130,
lny,1,0,117.7,20.764501,156.968887,
loa,1,0,110.8,31.124018,95.967956,
loz,1,0,116.1,37.033143,84.110071,
lrd,1,0,117.4,27.478769,99.417650,
lrp,1,0,117.3,40.119972,76.291306,
lrs,1,0,113.1,11.948333,66.668333,
lse,6,0,108.4,43.876131,91.256000,
lsf,6,0,111.4,32.332370,84.993264,
ltj,1,0,112.3,45.713566,121.100847,
lts,1,0,109.8,34.662750,99.270972,
lvd,1,0,116.5,56.467709,133.083114,
lvl,1,0,112.9,36.818036,77.902968,
lvm,1,0,116.1,45.702477,110.442463,
lvs,1,0,117.3,35.657571,105.135589,
lvt,1,0,108.4,36.584509,85.166623,
lvz,1,0,111.6,41.272804,75.689468,
lwb,1,0,116.0,37.863805,80.392026,
lwl,1,0,114.2,41.144798,114.977505,
lwm,1,0,112.5,42.740420,71.094843,
lwt,1,0,112.0,47.052971,109.606159,
lwv,6,0,108.8,38.769869,87.603828,
lyh,1,0,109.2,37.254644,79.236468,
lzz,1,0,112.5,31.185502,98.141863,
mad,1,0,110.4,41.313848,72.692179,
maf,1,0,114.8,32.009345,102.190389,
mah,6,0,114.9,41.015053,83.664654,
mai,1,0,114.0,30.786222,85.124449,
mam,1,0,114.3,25.770833,97.523889,
map,1,0,113.4,37.590765,91.788570,
maw,1,0,111.2,36.555114,89.911422,
maz,1,0,110.6,18.256452,67.151041,
mbg,6,0,108.6,45.551938,100.365966,
mbj,1,0,115.7,18.483583,77.916806,
mbl,1,0,111.4,44.272058,86.229557,
mbs,1,0,112.9,43.531637,84.077314,
mbw,1,0,111.6,41.845522,106.004284,
mcb,1,0,116.7,31.304453,90.258203,
mcc,6,0,109.2,38.667403,121.404397,
mcg,1,0,115.5,62.951040,155.611403,
mck,1,0,115.3,40.203806,100.594222,
mcm,1,0,112.9,39.654061,92.482157,
mcn,1,0,114.2,32.691170,83.647183,
mcw,1,0,114.9,43.094739,93.329871,
mdo,1,0,115.3,59.421804,146.350015,
mee,6,0,108.6,35.663154,95.367747,
mei,1,0,117.0,32.378449,88.804271,
mem,1,0,117.5,35.015119,89.983206,
mfd,1,0,108.8,40.868609,82.590963,
mfe,1,0,117.2,26.173880,98.240763,
mgm,1,0,112.1,32.222337,86.319718,
mgr,1,0,108.8,31.082270,83.804227,
mgw,1,0,111.6,39.556695,79.860394,
mhe,1,0,109.2,43.777011,98.037550,
mhf,1,0,113.6,29.546343,94.747513,
mhk,6,0,110.2,39.145442,96.668727,
mht,1,0,114.4,42.868528,71.369556,
mi,6,0,114.8,10.612778,66.987778,
mid,1,0,117.7,20.939167,89.655000,
mie,1,0,114.4,40.237293,85.394027,
mip,1,0,109.2,41.023404,76.665304,
mkc,1,0,112.6,39.279362,94.591400,
mkg,1,0,115.2,43.169241,86.039384,
mkk,1,0,116.1,21.138096,157.167406,
mkl,6,0,112.0,35.603574,88.910421,
mkt,1,0,110.8,44.219911,93.912371,
mlb,1,0,110.0,28.105282,80.635340,
mlc,1,0,112.0,34.849458,95.782295,
mld,1,0,117.4,42.199900,112.451235,
mlf,1,0,112.1,38.360356,113.013233,
mlp,1,0,117.8,47.456903,115.646045,
mls,1,0,112.1,46.382197,105.953534,
mlt,1,0,117.9,45.586722,68.515472,
mlu,1,0,117.2,32.516893,92.036021,
mmj,1,0,112.0,40.488151,80.193864,
mml,6,0,111.0,44.448432,95.824772,
mmm,1,0,114.3,36.769279,114.277470,
mmt,1,0,113.2,33.924117,80.802378,
mnm,1,0,109.6,45.180148,87.647192,
mod,1,0,114.6,37.627375,120.957877,
mol,1,0,115.3,37.900525,79.106889,
mon,1,0,111.6,33.562055,91.715684,
mop,1,0,110.6,43.622822,84.737269,
mos,1,0,116.3,64.696515,162.071188,
mot,1,0,117.1,48.260343,101.287079,
mov,1,0,117.9,26.950000,101.466667,
mox,6,0,109.6,45.565794,95.969220,
mpv,1,0,110.8,44.085480,72.449379,
mqg,1,0,108.2,46.381552,116.869512,
mqo,1,0,112.4,35.252252,120.759592,
mqp,1,0,117.7,32.726181,97.997442,
mqt,1,0,116.7,46.528906,87.585469,
mrb,1,0,112.1,39.385572,77.848356,
mrf,1,0,115.9,30.298370,103.954757,
msl,1,0,116.5,34.706867,87.491497,
msn,1,0,108.6,43.144827,89.339701,
mso,1,0,112.8,46.907966,114.083652,
msp,1,0,115.3,44.881909,93.233223,
mss,1,0,114.1,44.914389,74.722694,
msy,1,0,113.2,30.029897,90.172186,
mta,1,0,114.1,10.923611,63.961111,
mtj,1,0,117.1,38.506436,107.899292,
mto,1,0,109.4,39.478007,88.286044,
mtt,1,0,116.4,18.007222,94.532500,
mtu,1,0,112.7,40.144960,110.127651,
mtw,6,0,111.0,44.128495,87.679918,
mty,1,0,114.7,25.773333,100.101667,
mue,1,0,113.3,19.998056,155.669861,
muo,1,0,114.9,42.982673,115.774252,
mva,1,0,115.1,38.565299,118.032853,
mvc,1,0,116.8,31.460442,87.352763,
mve,6,0,111.6,44.972735,95.711970,
mvy,1,0,114.5,41.396197,70.612722,
mwa,1,0,110.4,37.754244,89.011685,
mwh,1,0,115.0,47.210869,119.316809,
mxe,1,0,113.2,39.918053,75.670797,
mxl,1,0,115.0,32.625833,115.223611,
mxq,6,0,112.9,39.429694,83.801232,
mxw,1,0,110.0,39.317572,122.221537,
mys,1,0,108.2,37.894066,86.244528,
myv,6,0,110.8,39.098643,121.573047,
mzb,1,0,117.8,32.782201,117.225418,
mzt,1,0,114.9,23.165278,106.272222,
mzv,1,0,114.4,41.321062,90.638081,
mzz,1,0,108.6,40.493345,85.679255,
nbw,1,0,114.6,19.897083,75.218333,
ngp,1,0,114.0,27.686277,97.294729,
nid,1,0,111.6,35.686933,117.689189,
nld,1,0,112.6,27.433333,99.566667,
nun,1,0,108.8,30.472137,87.335894,
nzj,1,0,117.2,33.676030,117.731084,
oab,6,0,109.8,38.756227,109.749288,
oak,1,0,116.8,37.725930,122.223579,
oal,1,0,117.7,38.003261,117.770446,
obh,1,0,114.8,41.375736,98.353595,
obk,1,0,113.0,42.223802,87.951629,
ocf,1,0,113.7,29.177476,82.226345,
ocn,1,0,115.3,33.240646,117.417734,
ocs,1,0,116.0,41.590214,109.015313,
odf,1,0,113.4,34.695873,83.297661,
odg,6,0,109.0,36.373784,97.788111,
odi,1,0,117.9,43.912381,91.467614,
odk,1,0,117.1,57.775024,152.339784,
odr,6,0,114.9,37.324191,79.978984,
oed,1,0,113.6,42.479583,122.912972,
ofk,1,0,109.6,41.987921,97.434579,
ogd,1,0,115.7,41.224083,112.098247,
ogg,1,0,114.3,20.898790,156.431818,
ojc,6,0,113.0,38.840667,94.736778,
okk,1,0,113.5,40.527789,86.058018,
okm,1,0,114.9,35.693097,95.865979,
okw,1,0,111.0,33.239561,87.249998,
olk,1,0,110.4,41.246907,85.497397,
olm,1,0,113.4,46.971639,122.901833,
ols,1,0,108.2,31.414958,110.848891,
olu,1,0,111.8,41.450039,97.340819,
ome,1,0,115.0,64.485098,165.253156,
omn,1,0,112.6,29.303252,81.112697,
ona,6,0,111.4,44.076241,91.705734,
onl,1,0,113.9,42.470503,98.686922,
onm,1,0,116.8,34.338888,106.820458,
onp,1,0,117.1,44.575368,124.060618,
ood,1,0,112.8,39.636026,75.303027,
oom,1,0,110.2,39.143824,86.613027,
ord,1,0,113.9,41.987669,87.904899,
orf,1,0,116.9,36.891897,76.200326,
orl,1,0,112.2,28.542723,81.335015,
ort,1,0,116.3,62.947167,141.912748,
orw,1,0,110.0,41.556401,71.999361,
osh,1,0,111.8,43.990428,88.555947,
osi,1,0,113.9,37.392499,122.281299,
osw,1,0,117.6,37.157511,95.203634,
otg,1,0,110.6,43.646917,95.581944,
oth,1,0,112.1,43.415476,124.168430,
otk,1,0,114.8,30.780481,83.279706,
otm,1,0,111.6,41.029126,92.325905,
oto,1,0,114.0,35.072243,105.936043,
ott,1,0,113.7,38.705867,76.744745,
otz,1,0,115.7,66.885669,162.539939,
ovr,1,0,116.3,41.167276,95.736729,
owb,6,0,108.6,37.743548,87.165942,
oxi,1,0,115.6,41.322042,86.649293,
ozb,6,0,109.0,40.870424,100.003733,
ozn,6,0,109.8,37.088078,113.591839,
ozr,1,0,111.2,31.268951,85.726318,
pae,1,0,110.6,47.919833,122.277833,
pap,1,0,115.3,18.576389,72.304444,
pbf,1,0,116.0,34.246764,91.926192,
pbi,1,0,115.7,26.680052,80.086500,
pcu,1,0,112.2,30.561163,89.730511,
pdk,1,0,116.6,33.875631,84.298812,
pdt,1,0,114.7,45.698422,118.938709,
pdx,1,0,111.8,45.593694,122.606272,
pdz,1,0,112.2,33.918334,117.529998,
peq,1,0,111.8,31.469299,103.574761,
per,1,0,113.2,36.746507,97.160124,
pfn,1,0,114.3,30.216254,85.680941,
pga,1,0,117.6,36.931056,111.446731,
pgd,6,0,110.2,26.916778,81.991250,
pgo,1,0,113.5,34.680456,94.609002,
pgs,1,0,112.0,35.624712,113.544467,
pgy,1,0,109.8,32.610334,116.979081,
phk,1,0,115.4,26.782733,80.691446,
php,1,0,108.4,44.058266,101.664144,
pia,1,0,115.2,40.680065,89.792801,
pie,1,0,116.4,27.907764,82.684312,
pih,1,0,112.6,42.870385,112.652209,
pio,1,0,110.4,32.529202,105.305241,
pir,1,0,112.5,44.394511,100.162877,
pjg,1,0,116.7,12.200278,69.010000,
pjh,1,0,112.5,12.508889,69.941111,
pjm,1,0,113.0,18.038333,63.118333,
pkd,1,0,110.6,46.898154,95.070883,
pke,1,0,117.9,34.101973,114.682066,
plb,1,0,116.9,44.684949,73.522677,
pll,1,0,111.2,41.965642,89.524220,
pln,1,0,111.8,45.630623,84.664072,
pmd,1,0,114.5,34.631404,118.063821,
pml,1,0,113.1,8.404444,78.138889,
pmm,1,0,112.1,42.465476,86.105863,
pmp,6,0,108.8,26.248028,80.108435,
pne,6,0,112.0,40.082083,75.009531,
pnh,1,0,116.6,35.235072,101.699022,
pnn,1,0,114.3,45.329200,67.704202,
pnt,1,0,109.6,40.821201,88.733509,
pom,1,0,110.4,34.078371,117.787059,
ppe,1,0,112.1,31.383333,113.500000,
ppm,6,0,108.4,39.466667,76.170953,
ppr,1,0,115.1,16.268333,61.522500,
pqi,1,0,116.4,46.774250,68.094556,
prb,1,0,114.3,35.672469,120.627112,
prx,1,0,113.6,33.542386,95.448259,
psb,1,0,115.5,40.916252,77.992728,
psc,1,0,108.4,46.262996,119.115705,
pse,1,0,109.0,17.992437,66.519199,
psi,1,0,111.0,42.700252,83.532693,
psk,1,0,116.8,37.087705,80.712901,
psm,1,0,116.5,43.084476,70.831972,
psp,1,0,115.5,33.870016,116.429762,
psx,1,0,117.3,28.764406,96.306163,
pta,1,0,115.1,19.758447,70.571572,
pth,1,0,113.0,56.951117,158.640792,
ptw,1,0,116.5,40.222267,75.560266,
pub,1,0,116.7,38.294252,104.429442,
puc,1,0,115.5,39.603187,110.753519,
put,1,0,117.4,41.955459,71.844099,
puw,1,0,109.0,46.674301,117.223505,
pvd,1,0,115.6,41.724333,71.429639,
pvu,6,0,108.4,40.214926,111.721317,
pvw,1,0,112.9,34.086193,101.790187,
pwa,6,0,113.4,35.532945,97.647181,
pwe,1,0,112.4,40.200353,96.206281,
pwl,1,0,114.3,41.769771,73.600551,
pxn,1,0,112.6,36.715459,120.778684,
pxr,1,0,115.6,33.433017,111.970200,
pxt,1,0,117.6,38.287846,76.400228,
pxv,1,0,113.3,37.928320,87.762383,
pye,1,0,113.7,38.079757,122.867828,
pza,1,0,112.9,14.050000,83.383333,
pzd,1,0,116.1,31.655227,84.293106,
ral,6,0,112.4,33.952034,117.449204,
rap,1,0,112.3,43.976044,103.012315,
rav,1,0,114.6,40.553379,76.599377,
rba,1,0,108.2,39.850833,95.423056,
rbg,1,0,108.2,43.182422,123.352237,
rbl,1,0,115.7,40.098906,122.236356,
rbs,1,0,116.8,40.581701,88.164268,
rbv,1,0,113.8,40.202389,74.495013,
rbx,6,0,111.6,35.920502,75.696926,
rdd,6,0,108.4,40.504568,122.291727,
rdu,1,0,117.2,35.872524,78.783346,
rec,1,0,110.6,40.546459,78.747022,
reo,1,0,112.5,42.590549,117.868152,
rex,1,0,112.4,26.012500,98.230000,
rfd,1,0,110.8,42.225583,89.199278,
rhi,1,0,109.2,45.633761,89.457771,
rhu,6,0,109.0,39.183869,108.638652,
ric,1,0,114.1,37.502341,77.320284,
rid,1,0,110.6,39.755021,84.838847,
ril,1,0,110.6,39.528064,107.716178,
ris,6,0,111.4,39.120421,94.596567,
riw,1,0,108.8,43.065737,108.455524,
rka,1,0,112.6,42.466331,75.239228,
rlg,1,0,113.8,40.002642,106.442487,
rly,1,0,114.8,43.964123,107.950843,
rmg,1,0,115.4,34.162568,85.119421,
rnd,6,0,112.3,29.519119,98.285012,
rnl,1,0,116.6,37.975316,80.806521,
roa,1,0,109.4,37.343439,80.070459,
roc,1,0,110.0,43.120756,77.673586,
rod,1,0,117.5,40.287795,84.043143,
rom,1,0,110.0,36.140378,120.664919,
rox,1,0,108.8,48.854705,95.694983,
rpd,6,0,110.0,45.415181,91.777994,
rqr,1,0,110.8,30.087519,90.588619,
rqz,1,0,112.2,34.797117,86.633884,
rrs,1,0,111.6,31.284424,85.431239,
rsg,1,0,111.2,30.014598,100.299861,
rst,1,0,112.0,43.782851,92.596927,
rsv,6,0,108.4,39.018098,87.648636,
rsw,1,0,111.8,26.529875,81.775768,
rty,6,0,108.8,41.369444,91.143429,
ruq,6,0,111.0,35.643695,80.522478,
rvo,1,0,108.8,33.596753,102.044060,
rwf,1,0,113.3,44.467237,95.128330,
rwl,6,0,109.4,41.804792,107.204300,
ryk,6,0,108.4,42.712986,76.882181,
rzc,1,0,116.4,36.246437,94.121397,
rzn,1,0,109.4,45.820444,92.374528,
rzs,1,0,114.9,34.509524,119.771001,
sac,1,0,115.2,38.443659,121.551623,
sae,6,0,110.2,41.119159,101.776286,
saf,1,0,110.6,35.540540,106.064948,
sam,1,0,116.6,38.485188,88.085806,
sat,1,0,116.8,29.644031,98.461350,
sau,1,0,116.2,37.855334,122.522752,
sav,1,0,112.7,32.160592,81.112529,
sax,1,0,115.7,41.067514,74.538325,
sbi,1,0,115.4,29.686720,94.037979,
sbj,1,0,112.9,40.583019,74.741745,
sbv,1,0,110.4,36.675027,79.014512,
sby,1,0,111.2,38.345006,75.510588,
scb,6,0,111.0,41.605278,96.628611,
scc,1,0,113.9,70.199199,148.416159,
scy,1,0,112.9,32.464584,96.337481,
sdo,1,0,114.3,41.410455,118.033200,
sdz,1,0,111.8,35.215457,79.587952,
sea,1,0,116.8,47.435389,122.309611,
seg,1,0,110.4,40.790834,76.884028,
sey,1,0,117.8,41.167437,71.576083,
sfk,1,0,108.6,41.695293,77.419867,
sfl,1,0,113.0,31.748116,105.086810,
sfo,1,0,115.8,37.619490,122.373888,
sgd,1,0,112.1,38.179362,122.373141,
sgf,1,0,116.9,37.355961,93.334052,
sgh,6,0,113.2,39.836504,83.845012,
sgj,6,0,109.4,29.958107,81.338241,
shb,1,0,112.0,39.632546,85.824313,
shr,1,0,115.3,44.842295,107.061094,
shy,1,0,108.4,38.040619,92.602404,
sie,1,0,114.8,39.095503,74.800333,
sjc,1,0,114.1,37.374718,121.944652,
sji,1,0,115.3,30.725995,88.359289,
sjn,1,0,112.3,34.424037,109.143520,
sjt,1,0,115.1,31.374969,100.454926,
sju,1,0,114.0,18.446279,65.989499,
sky,1,0,109.2,41.434466,82.654818,
slc,1,0,116.8,40.850250,111.981913,
sli,1,0,115.7,33.783294,118.054757,
slk,1,0,109.2,44.384554,74.204518,
sln,1,0,117.1,38.925139,97.621361,
slr,1,0,109.0,33.198641,95.542592,
slt,1,0,113.9,41.512759,77.970110,
smo,1,0,110.8,34.010261,118.456718,
sns,1,0,117.3,36.663829,121.603185,
sny,1,0,115.9,41.096667,102.983000,
sok,1,0,115.4,21.900392,159.528873,
sor,6,0,109.6,37.170777,97.039926,
sot,1,0,108.8,35.790099,83.052369,
spa,1,0,115.7,35.033649,81.927049,
sps,1,0,112.7,33.987268,98.593500,
spw,1,0,110.0,43.162164,95.200997,
sqa,1,0,117.2,61.098480,155.634507,
sqn,1,0,113.3,30.500000,115.950000,
sqs,1,0,114.7,33.463861,90.277333,
srl,1,0,112.6,27.305556,112.283333,
srq,1,0,115.2,27.397765,82.554264,
ssf,1,0,108.4,29.258379,98.443476,
ssi,1,0,109.8,31.050518,81.445965,
ssm,1,0,112.2,46.412048,84.314898,
sso,1,0,115.4,32.269245,109.263087,
ssr,1,0,114.0,58.177661,135.258862,
ssu,6,0,108.4,37.763921,80.301554,
stc,6,0,112.1,45.541021,94.057541,
ste,1,0,110.6,44.543246,89.530562,
stg,1,0,114.5,8.087500,80.939722,
stj,1,0,115.5,39.960577,94.925220,
stl,1,0,117.4,38.860689,90.482368,
sts,1,0,113.0,38.508189,122.810601,
stt,1,0,108.6,18.355778,65.024528,
stv,1,0,113.8,30.206759,98.705755,
stw,1,0,109.6,40.995820,74.869019,
sug,1,0,112.2,35.406506,82.268614,
sux,1,0,116.5,42.344520,96.323639,
svc,1,0,110.8,32.637685,108.161067,
svm,1,0,114.3,42.408869,83.594188,
swl,1,0,112.4,38.056593,75.463922,
swo,6,0,108.4,36.224270,97.081260,
swr,1,0,113.2,39.180323,120.269612,
sxc,1,0,111.4,33.375056,118.419910,
sxw,1,0,109.2,39.629485,106.991129,
sya,1,0,109.0,52.718275,-174.062147,
syi,1,0,109.0,35.561988,86.439160,
syo,1,0,115.2,35.345161,99.635348,
syr,1,0,117.0,43.160528,76.204565,
szw,1,0,117.5,30.556227,84.373961,
tal,1,0,116.6,65.177144,152.177555,
tam,1,0,117.5,22.289167,97.862778,
tas,1,0,117.6,36.608769,105.906320,
tay,1,0,112.9,30.504638,82.552903,
tbc,1,0,113.5,36.121312,111.269588,
tbd,1,0,112.0,29.664322,90.829093,
tbe,1,0,111.2,37.258657,103.600056,
tbg,1,0,110.0,8.785556,79.560278,
tbn,1,0,110.0,37.742430,92.138997,
tcc,1,0,113.6,35.182139,103.598518,
tcl,1,0,117.8,33.258895,87.536895,
tcm,6,0,109.6,47.147654,122.475039,
tcs,1,0,112.7,33.282516,107.280534,
tdd,1,0,108.6,41.981664,100.719034,
tdg,1,0,108.8,33.575160,86.042692,
tdt,1,0,117.6,41.713032,79.417271,
teb,6,0,108.4,40.848722,74.062250,
tfd,1,0,114.8,32.885860,111.908718,
tge,1,0,117.3,32.484872,85.669321,
ths,1,0,115.0,39.933228,77.950944,
thx,1,0,111.4,28.505270,98.151117,
tij,1,0,116.5,32.534444,116.950556,
tik,6,0,115.8,35.436424,97.379562,
tim,1,0,113.5,6.583333,58.250000,
tka,1,0,116.2,62.298658,150.105591,
tko,1,0,109.8,39.806409,98.260037,
tmu,6,0,110.8,41.330404,72.051992,
tnp,1,0,114.2,34.112237,115.769907,
tnu,1,0,112.5,41.783822,93.108978,
tnv,1,0,115.9,30.289099,96.058568,
ton,1,0,114.9,40.735116,78.331294,
top,1,0,117.8,39.137110,95.549116,
tou,1,0,112.2,48.299899,124.627043,
toy,1,0,116.0,38.739159,89.918627,
tph,1,0,117.2,38.030657,117.033518,
tpl,1,0,110.4,31.209336,97.424967,
tqa,1,0,111.6,32.235743,99.816783,
tqe,6,0,108.4,41.759599,96.178571,
trc,1,0,116.4,25.566667,103.400000,
trm,1,0,116.2,33.628094,116.160190,
tte,1,0,109.2,35.913064,119.020823,
tth,1,0,115.3,39.488955,87.249017,
ttt,1,0,113.1,32.869160,97.040503,
tul,1,0,114.4,36.196291,95.788097,
tum,1,0,117.1,9.050000,79.400278,
tup,1,0,109.8,34.223861,88.797333,
tus,1,0,116.0,32.095190,110.914868,
tut,1,0,112.5,-14.332583,170.708278,
tvc,1,0,114.6,44.667919,85.549959,
tvf,1,0,108.4,48.069329,96.186455,
tvt,1,0,116.5,40.458037,82.126846,
twf,1,0,115.8,42.479857,114.489454,
txc,1,0,112.9,39.698318,103.214939,
txk,1,0,116.3,33.513873,94.073218,
txo,1,0,112.2,34.495116,102.839671,
tyi,1,0,117.8,35.976754,77.703751,
tyr,6,0,114.2,32.355868,95.403466,
tzz,1,0,116.4,38.344247,121.810660,
ubg,1,0,117.4,45.353228,122.978157,
uca,1,0,111.2,43.026514,75.164522,
ucm,1,0,114.1,21.438333,77.801111,
uha,1,0,116.1,23.054444,82.302778,
uia,6,0,110.2,31.309614,86.392177,
uim,1,0,114.0,32.880403,95.366754,
uin,1,0,113.6,39.847919,91.278850,
ujm,1,0,109.6,34.575044,90.674400,
ukn,1,0,116.6,43.280086,91.537364,
ukw,1,0,112.4,33.535886,97.821278,
ull,1,0,117.3,63.692311,170.470026,
ulw,1,0,109.7,42.094269,77.024856,
unk,1,0,116.9,63.891944,160.684333,
unz,1,0,115.3,13.454556,-144.733306,
upp,1,0,112.3,20.200541,155.843267,
urh,1,0,114.3,33.944186,96.391836,
usr,1,0,114.5,21.661667,78.831111,
uvr,1,0,112.3,23.083333,81.383333,
van,1,0,110.4,33.474830,80.448643,
vbi,1,0,115.2,49.476944,94.046667,
vcn,1,0,115.2,39.537671,74.967144,
vct,1,0,109.0,28.900318,96.978935,
vcv,6,0,109.4,34.594160,117.389993,
vel,1,0,108.2,40.378878,109.493273,
vhp,1,0,116.3,39.814722,86.367577,
vie,1,0,115.1,44.660873,77.888084,
vih,1,0,117.7,38.154072,91.706772,
vis,6,0,109.4,36.367311,119.482179,
vkz,1,0,117.1,25.751903,80.154441,
vla,1,0,114.3,39.093683,89.162463,
vlr,1,0,112.2,50.422222,98.723333,
vna,1,0,116.5,32.213443,83.497256,
vnn,1,0,113.8,38.361965,88.807282,
vny,1,0,113.1,34.223448,118.491668,
vqq,1,0,117.9,30.212995,81.890895,
vrb,1,0,117.3,27.678420,80.489609,
vtu,1,0,108.2,34.115059,119.049493,
vuh,1,0,113.0,29.269334,94.867725,
vuz,1,0,114.4,33.670187,86.899800,
vwv,1,0,113.1,41.451469,83.638656,
vxv,1,0,116.4,35.904834,83.894709,
wlk,1,0,114.2,66.599962,159.991586,
xe,1,0,116.9,10.464444,61.393611,
xub,6,0,112.5,39.526795,82.977751,
yak,1,0,113.3,59.510804,139.648096,
ybr,1,0,113.8,49.909998,99.945662,
ycf,1,0,113.5,44.333056,77.704722,
ydc,1,0,113.9,49.381554,120.373718,
yfc,1,0,113.0,45.894788,66.418858,
ygr,1,0,112.0,47.430278,61.774722,
yjn,1,0,115.8,45.255869,73.321250,
yjt,1,0,113.1,48.582461,58.669933,
ykm,1,0,116.0,46.570266,120.444618,
ykn,1,0,111.4,42.918386,97.384975,
ymx,1,0,116.7,45.888082,74.375775,
yng,1,0,109.0,41.331000,80.674661,
yqo,1,0,114.2,42.706714,80.887887,
yqt,1,0,114.1,48.253767,89.437577,
yqy,1,0,114.9,46.153333,60.055833,
yrk,1,0,112.8,38.644133,82.978339,
ysc,1,0,113.2,45.316431,71.788148,
yso,1,0,117.3,44.238611,79.171667,
yts,1,0,113.0,48.571927,81.369954,
yul,1,0,116.3,45.615587,73.971022,
yvv,1,0,117.7,44.744749,81.105431,
ywt,1,0,115.0,43.458656,80.379269,
yxi,1,0,115.6,45.663078,77.602819,
yxz,1,0,112.7,47.950542,84.823113,
yyb,1,0,115.4,46.363903,79.436513,
yyc,1,0,116.7,51.115000,113.881111,
yyd,1,0,114.7,54.452500,126.649167,
yyg,1,0,114.1,46.207222,62.978889,
yyt,1,0,113.5,47.485278,52.852222,
yyy,1,0,115.9,48.612244,68.208948,
yyz,1,0,112.2,43.658056,79.631667,
yzp,1,0,114.1,53.252221,131.806972,
yzt,1,0,112.0,50.684444,127.363611,
zbv,1,0,116.7,25.704167,79.294444,
zfp,1,0,113.2,26.555278,78.698333,
zgv,1,0,112.5,25.257500,76.308611,
ztc,1,0,112.9,26.734722,77.379167,
zun,1,0,113.4,34.965753,109.154509,
zzv,1,0,111.4,39.940875,81.892605,
