yyc,1,0,116.7,	51.115, 113.882,
uod,1,0,113.5,	54.408, 110.295,
yeg,1,0,117.6,	53.185, 113.867,
yea,1,0,115.9,	50.927, 109.988,
ymm,1,0,112.0,	56.647, 111.122,
yqu,1,0,113.1,	55.175, 119.028,
ydj,1,0,113.3,	58.555, 117.092,
yql,1,0,115.7,	49.635, 112.667,
yxh,1,0,116.5,	49.965, 110.813,
ued,1,0,114.0,	53.678, 113.462,
ype,1,0,117.2,	56.207, 117.510,
yrm,1,0,114.3,	52.502, 115.322,
ybw,1,0,108.6,	51.107, 114.372,
ywv,1,0,114.5,	52.982, 110.833,
yzu,1,0,112.5,	54.145, 115.797,

ydr,1,0,117.5,	50.363, 102.540,
ykj,1,0,115.3,	57.167, 105.840,
yvc,1,0,112.3,	55.158, 105.267,
vln,1,0,114.2,	50.667, 104.890,
umj,1,0,109.9,	50.332, 105.563,
ypa,1,0,113.0,	53.217, 105.667,
yxe,1,0,116.2,	52.182, 106.720,
yyn,1,0,117.4,	50.297, 107.690,
yqv,1,0,115.8,	51.263, 102.468,

ybr,1,0,113.8,	49.910, 99.945,
yyq,1,0,114.1,	58.742, 94.135,
ydn,1,0,116.1,	51.105, 100.052,
vlr,1,0,112.2,	50.422, 98.723,
yyl,1,0,112.6,	56.865, 101.075,
upg,1,0,109.0,	49.900, 98.267,
yqd,1,0,113.6,	53.973, 101.100,
yth,1,0,112.9,	55.812, 97.825,
ywg,1,0,115.5,	49.928, 97.238,

vbi,1,0,115.2,	49.477, 94.047,
yqt,1,0,114.1,	48.253, 89.438,

yqo,1,0,114.2,	42.700, 80.899,
yqb,1,0,112.8,	46.761, 71.655,
