# Dvorak left-handed key layout
0	2	'[
1	2	'{
2	2	0
3	2	0
4	2	^[
0	3	']
1	3	'}
2	3	0
3	3	0
4	3	^]
0	4	'/
1	4	'?
2	4	'/
3	4	'/
4	4	^O
0	5	'p
1	5	'P
2	5	0
3	5	0
4	5	^P
0	6	'f
1	6	'F
2	6	0
3	6	0
4	6	^F
0	7	'm
1	7	'M
2	7	0
3	7	0
4	7	^M
0	8	'l
1	8	'L
2	8	0
3	8	0
4	8	^L
0	9	'j
1	9	'J
2	9	0
3	9	0
4	9	^J
0	10	'4
1	10	'$
2	10	0
3	10	0
4	10	^T
0	11	'3
1	11	'#
2	11	0
3	11	0
4	11	^S
0	12	'2
1	12	'@
2	12	0
3	12	0
4	12	^R
0	13	'1
1	13	'!
2	13	0
3	13	0
4	13	^Q
0	16	';
1	16	':
2	16	0
3	16	0
4	16	^[
0	17	'q
1	17	'Q
2	17	0
3	17	0
4	17	^Q
0	18	'b
1	18	'B
2	18	0
3	18	0
4	18	^B
0	19	'y
1	19	'Y
2	19	0
3	19	0
4	19	^Y
0	20	'u
1	20	'U
2	20	0
3	20	0
4	20	^U
0	21	'r
1	21	'R
2	21	0
3	21	0
4	21	^R
0	22	's
1	22	'S
2	22	0
3	22	0
4	22	^S
0	23	'o
1	23	'O
2	23	0
3	23	0
4	23	^O
0	24	'.
1	24	'>
2	24	0
3	24	0
4	24	^N
0	25	'6
1	25	'^
2	25	0
3	25	0
4	25	^V
0	26	'5
1	26	'%
2	26	0
3	26	0
4	26	^U
0	27	'=
1	27	'+
2	27	0
3	27	0
4	27	^]
0	30	'-
1	30	'_
2	30	0
3	30	0
4	30	^M
0	31	'k
1	31	'K
2	31	0
3	31	0
4	31	^K
0	32	'c
1	32	'C
2	32	0
3	32	0
4	32	^C
0	33	'd
1	33	'D
2	33	0
3	33	0
4	33	^D
0	34	't
1	34	'T
2	34	0
3	34	0
4	34	^T
0	36	'e
1	36	'E
2	36	0
3	36	0
4	36	^E
0	37	'a
1	37	'A
2	37	0
3	37	0
4	37	^A
0	38	'z
1	38	'Z
2	38	0
3	38	0
4	38	^Z
0	39	'8
1	39	'*
2	39	0
3	39	0
4	39	^X
0	40	'7
1	40	'&
2	40	0
3	40	0
4	40	^W
0	44	''
1	44	'"
2	44	0
3	44	0
4	44	^G
0	45	'x
1	45	'X
2	45	0
3	45	0
4	45	^X
0	46	'g
1	46	'G
2	46	0
3	46	0
4	46	^G
0	48	'w
1	48	'W
2	48	0
3	48	0
4	48	^W
0	50	'l
1	50	'L
2	50	0
3	50	0
4	50	^L
0	52	'0
1	52	')
2	52	0
3	52	0
4	52	^P
0	53	'9
1	53	'(
2	53	0
3	53	0
4	53	^Y
