# Dvorak right-handed key layout
0	6	'j
1	6	'J
2	6	0
3	6	0
4	6	^J
0	7	'l
1	7	'L
2	7	0
3	7	0
4	7	^L
0	8	'm
1	8	'M
2	8	0
3	8	0
4	8	^M
0	9	'f
1	9	'F
2	9	0
3	9	0
4	9	^F
0	10	'p
1	10	'P
2	10	0
3	10	0
4	10	^P
0	11	'/
1	11	'?
2	11	'/
3	11	'/
4	11	^O
0	12	'[
1	12	'{
2	12	0
3	12	0
4	12	^[
0	13	']
1	13	'}
2	13	0
3	13	0
4	13	^]
0	16	'5
1	16	'%
2	16	0
3	16	0
4	16	^U
0	17	'6
1	17	'^
2	17	0
3	17	0
4	17	^V
0	18	'q
1	18	'Q
2	18	0
3	18	0
4	18	^Q
0	19	'.
1	19	'>
2	19	0
3	19	0
4	19	^N
0	20	'o
1	20	'O
2	20	0
3	20	0
4	20	^O
0	21	'r
1	21	'R
2	21	0
3	21	0
4	21	^R
0	22	's
1	22	'S
2	22	0
3	22	0
4	22	^S
0	23	'u
1	23	'U
2	23	0
3	23	0
4	23	^U
0	24	'y
1	24	'Y
2	24	0
3	24	0
4	24	^Y
0	25	'b
1	25	'B
2	25	0
3	25	0
4	25	^B
0	26	';
1	26	':
2	26	0
3	26	0
4	26	^[
0	27	'=
1	27	'+
2	27	0
3	27	0
4	27	^]
0	30	'7
1	30	'&
2	30	0
3	30	0
4	30	^W
0	31	'8
1	31	'*
2	31	0
3	31	0
4	31	^X
0	32	'z
1	32	'Z
2	32	0
3	32	0
4	32	^Z
0	33	'a
1	33	'A
2	33	0
3	33	0
4	33	^A
0	34	'e
1	34	'E
2	34	0
3	34	0
4	34	^E
0	36	't
1	36	'T
2	36	0
3	36	0
4	36	^T
0	37	'd
1	37	'D
2	37	0
3	37	0
4	37	^D
0	38	'c
1	38	'C
2	38	0
3	38	0
4	38	^C
0	39	'k
1	39	'K
2	39	0
3	39	0
4	39	^K
0	40	'-
1	40	'_
2	40	0
3	40	0
4	40	^M
0	44	'9
1	44	'(
2	44	0
3	44	0
4	44	^Y
0	45	'0
1	45	')
2	45	0
3	45	0
4	45	^P
0	46	'x
1	46	'X
2	46	0
3	46	0
4	46	^X
0	47	',
1	47	'<
2	47	0
3	47	0
4	47	^L
0	48	'l
1	48	'L
2	48	0
3	48	0
4	48	^L
0	50	'w
1	50	'W
2	50	0
3	50	0
4	50	^W
0	51	'v
1	51	'V
2	51	0
3	51	0
4	51	^V
0	52	'g
1	52	'G
2	52	0
3	52	0
4	52	^G
0	53	''
1	53	'"
2	53	0
3	53	0
4	53	^G
