	0	12         39
	0	13         33
	0	26         96
	0	27         43
	0	39        241
	0	40        180
	0	41        186
	0	43        231
	0	53         45
	0	86         60
	1	3         34
	1	4        183
	1	7         38
	1	8         47
	1	9         40
	1	10         41
	1	11         61
	1	12         63
	1	13        191
	1	26         94
	1	27         42
	1	39        209
	1	40        168
	1	41        170
	1	43        199
	1	51         59
	1	52         58
	1	53         95
	1	86         62
	3	2        124
	3	3         64
	3	4         35
	3	5        126
	3	7        172
	3	26         91
	3	27         93
	3	28         10
	3	40        123
	3	41         92
	3	43        125
	3	53         47
	5	180         97				225
	5	180         65				0xc1
	5	180         0x65			0xE9
	5	180         0x45			0xC9
	5	180         0x69			0xED
	5	180         0x49			0xCD
	5	180         0x4F			0xD3
	5	180         0x6F			0xF3
	5	180         0x55			0xDA
	5	180         0x75			0xFA
	5	180         0x20			180
	5	180         0x77			0x1E83
	5	180         0x57			0x1E82
	5	180         0x66			0x155
	5	180         0x52			0x154
	5	180         0x79			0xFD
	5	180         0x59			0xDD
	5	180         0x73			0x15B
	5	180         0x53			0x15A
	5	0xA8         0x75			0xFC
	5	0xA8         0x55			0xDC
	5	0xA8         0x20			0xA8
