# Svorak (Swedish Dvorak) key layout
1	2	0
1	3	0
1	4	0
1	5	0
1	6	0
1	7	0
1	8	0
1	9	0
1	10	0
1	11	0
0	12	'+
1	12	0
2	12	0
3	12	0
4	12	0
0	13	'`
1	13	0
2	13	0
3	13	0
4	13	^]
0	16	'å
1	16	'Å
2	16	0
3	16	'{
4	16	^G
0	17	'ä
1	17	'Ä
2	17	0
3	17	'}
4	17	^L
0	18	'ö
1	18	'ö
2	18	0
3	18	'[
4	18	^N
0	19	'p
1	19	'P
2	19	0
3	19	']
4	19	^P
0	20	'y
1	20	'Y
2	20	0
3	20	'$
4	20	^Y
0	21	'f
1	21	'F
2	21	0
3	21	'"
4	21	^F
0	22	'g
1	22	'G
2	22	0
3	22	'?
4	22	^G
0	23	'c
1	23	'C
2	23	0
3	23	'&
4	23	^C
0	24	'r
1	24	'R
2	24	0
3	24	'<
4	24	^R
0	25	'l
1	25	'L
2	25	0
3	25	'>
4	25	^L
0	26	',
1	26	0
2	26	0
3	26	0
4	26	0
0	27	'~
1	27	'^
2	27	0
3	27	0
4	27	^]
0	30	'a
1	30	'A
2	30	0
3	30	';
4	30	^A
0	31	'o
1	31	'O
2	31	0
3	31	'/
4	31	^O
0	32	'e
1	32	'E
2	32	0
3	32	'(
4	32	^E
0	33	'u
1	33	'U
2	33	0
3	33	')
4	33	^U
0	34	'i
1	34	'I
2	34	0
3	34	'|
4	34	^I
0	35	'd
1	35	'D
2	35	0
3	35	'#
4	35	^D
0	36	'h
1	36	'H
2	36	0
3	36	0
4	36	^H
0	37	't
1	37	'T
2	37	0
3	37	'#
4	37	^T
0	38	'n
1	38	'N
2	38	0
3	38	'"
4	38	^N
0	39	's
1	39	'S
2	39	0
3	39	0
4	39	^S
0	40	'-
1	40	'_
2	40	0
3	40	0
4	40	^M
0	43	''
1	43	'*
2	43	0
3	43	'*
0	44	'.
1	44	0
2	44	0
3	44	':
4	44	^[
0	45	'q
1	45	'Q
2	45	0
3	45	'=
4	45	^Q
0	46	'j
1	46	'J
2	46	0
3	46	'@
4	46	^J
0	47	'k
1	47	'K
2	47	0
3	47	'!
4	47	^K
0	48	'x
1	48	'X
2	48	0
3	48	'\
4	48	^X
0	49	'b
1	49	'B
2	49	0
3	49	'%
4	49	^B
0	51	'w
1	51	'W
2	51	0
3	51	0
4	51	^W
0	52	'v
1	52	'V
2	52	0
3	52	0
4	52	^V
0	53	'z
1	53	'Z
2	53	0
3	53	0
4	53	^Z
